# Directed graph: ./kronecker_graph_jazz_512.txt 
# Kronecker Graph: seed matrix [0.99 0.62; 0.71 0.35]
# Nodes: 512 Edges: 6896
# FromNodeId	ToNodeId
0	3
0	4
0	9
0	14
0	15
0	16
0	17
0	19
0	20
0	24
0	26
0	27
0	32
0	35
0	43
0	48
0	52
0	62
0	68
0	73
0	76
0	82
0	83
0	84
0	106
0	109
0	115
0	120
0	121
0	131
0	145
0	146
0	153
0	155
0	160
0	164
0	176
0	207
0	209
0	258
0	259
0	261
0	269
0	274
0	283
0	299
0	301
0	304
0	306
0	308
0	310
0	318
0	322
0	342
0	352
0	353
0	357
0	385
0	389
0	404
0	425
0	449
0	510
1	2
1	4
1	8
1	10
1	15
1	17
1	18
1	32
1	38
1	39
1	60
1	65
1	68
1	73
1	90
1	96
1	109
1	113
1	115
1	116
1	120
1	124
1	129
1	135
1	139
1	140
1	144
1	160
1	176
1	192
1	216
1	224
1	244
1	246
1	256
1	257
1	286
1	287
1	292
1	327
1	328
1	387
1	417
1	466
1	490
2	0
2	4
2	13
2	28
2	31
2	47
2	48
2	52
2	55
2	79
2	80
2	89
2	99
2	101
2	121
2	128
2	133
2	139
2	147
2	149
2	153
2	160
2	163
2	167
2	170
2	195
2	197
2	208
2	216
2	256
2	271
2	272
2	274
2	299
2	336
2	360
2	380
2	387
2	389
2	396
2	402
2	408
2	452
2	482
3	5
3	20
3	22
3	42
3	44
3	49
3	64
3	82
3	89
3	90
3	104
3	139
3	141
3	145
3	171
3	260
3	262
3	276
3	312
3	320
3	352
3	405
3	442
3	459
3	464
3	510
4	6
4	9
4	13
4	16
4	24
4	34
4	38
4	48
4	51
4	64
4	89
4	92
4	103
4	104
4	113
4	115
4	128
4	129
4	134
4	136
4	141
4	160
4	165
4	178
4	194
4	210
4	216
4	244
4	246
4	266
4	267
4	272
4	291
4	292
4	312
4	313
4	324
4	329
4	339
4	355
4	376
4	385
4	402
4	420
4	448
4	494
4	506
5	1
5	8
5	9
5	12
5	15
5	36
5	43
5	45
5	48
5	56
5	70
5	76
5	93
5	120
5	128
5	130
5	131
5	132
5	134
5	137
5	169
5	210
5	212
5	241
5	268
5	273
5	282
5	313
5	330
5	344
5	375
5	401
5	456
5	488
6	11
6	12
6	21
6	57
6	64
6	66
6	80
6	149
6	170
6	200
6	208
6	209
6	212
6	234
6	256
6	260
6	261
6	288
6	348
6	400
6	401
6	420
6	432
6	433
6	465
6	484
7	17
7	20
7	54
7	64
7	88
7	96
7	116
7	136
7	150
7	161
7	166
7	177
7	188
7	197
7	228
7	264
7	289
7	293
7	294
7	391
7	458
8	0
8	5
8	16
8	17
8	18
8	38
8	40
8	43
8	48
8	51
8	56
8	65
8	68
8	77
8	82
8	166
8	170
8	188
8	192
8	193
8	197
8	208
8	256
8	259
8	264
8	265
8	274
8	287
8	289
8	290
8	295
8	300
8	304
8	385
8	390
8	393
8	400
8	409
8	422
8	423
8	432
8	450
8	484
9	0
9	2
9	16
9	17
9	32
9	37
9	40
9	50
9	80
9	84
9	121
9	166
9	168
9	170
9	204
9	217
9	263
9	272
9	291
9	306
9	320
9	355
9	388
9	414
9	416
9	419
9	474
10	1
10	4
10	8
10	20
10	36
10	66
10	69
10	72
10	81
10	84
10	92
10	128
10	146
10	183
10	192
10	208
10	224
10	228
10	233
10	240
10	276
10	296
10	321
10	352
10	358
10	368
10	384
10	386
10	401
10	403
10	420
10	432
10	449
10	480
10	481
10	498
11	3
11	24
11	30
11	33
11	52
11	66
11	72
11	90
11	98
11	119
11	134
11	192
11	200
11	212
11	256
11	288
11	292
11	299
11	352
11	363
11	448
11	465
12	4
12	16
12	26
12	42
12	51
12	68
12	88
12	98
12	136
12	160
12	184
12	201
12	215
12	234
12	243
12	248
12	276
12	283
12	289
12	348
12	356
12	380
12	384
12	397
12	402
12	417
12	444
13	1
13	12
13	17
13	22
13	36
13	38
13	48
13	85
13	86
13	131
13	152
13	158
13	192
13	339
13	472
14	0
14	17
14	50
14	72
14	76
14	88
14	89
14	97
14	98
14	100
14	106
14	134
14	138
14	144
14	194
14	252
14	256
14	260
14	322
14	366
14	384
14	486
15	64
15	148
15	156
15	174
15	224
15	292
15	331
15	333
15	352
15	404
15	464
16	0
16	1
16	2
16	4
16	5
16	10
16	16
16	19
16	24
16	33
16	34
16	38
16	40
16	44
16	47
16	48
16	55
16	67
16	73
16	81
16	90
16	129
16	136
16	152
16	193
16	197
16	204
16	225
16	240
16	256
16	257
16	267
16	269
16	291
16	292
16	322
16	329
16	341
16	384
16	386
16	387
16	391
17	2
17	24
17	27
17	33
17	45
17	51
17	69
17	71
17	128
17	131
17	144
17	155
17	165
17	168
17	192
17	230
17	263
17	264
17	270
17	280
17	296
17	302
17	305
17	314
17	320
17	322
17	337
17	352
17	353
17	396
17	403
17	406
17	436
17	466
17	480
17	505
18	0
18	1
18	4
18	12
18	17
18	32
18	36
18	41
18	68
18	80
18	88
18	102
18	105
18	134
18	138
18	164
18	165
18	194
18	212
18	237
18	247
18	257
18	259
18	260
18	265
18	282
18	285
18	294
18	310
18	313
18	318
18	319
18	320
18	328
18	339
18	367
18	384
18	430
18	458
19	2
19	9
19	16
19	20
19	64
19	142
19	169
19	198
19	204
19	260
19	269
19	274
19	321
19	373
19	417
19	489
20	0
20	3
20	7
20	23
20	26
20	28
20	39
20	40
20	64
20	68
20	131
20	140
20	145
20	150
20	168
20	185
20	269
20	296
20	297
20	301
20	306
20	308
20	320
20	340
20	397
20	415
20	456
20	490
20	504
21	26
21	32
21	38
21	41
21	64
21	67
21	71
21	81
21	98
21	129
21	138
21	140
21	162
21	169
21	173
21	266
21	267
21	299
21	324
21	448
21	456
22	0
22	2
22	9
22	12
22	26
22	32
22	57
22	68
22	121
22	141
22	160
22	162
22	192
22	194
22	266
22	283
22	290
22	292
22	309
22	324
22	360
22	393
22	401
22	434
23	26
23	132
23	154
23	209
23	258
23	266
24	0
24	6
24	10
24	17
24	18
24	21
24	51
24	54
24	70
24	78
24	99
24	136
24	141
24	142
24	150
24	164
24	180
24	233
24	253
24	256
24	270
24	279
24	291
24	314
24	326
24	336
24	337
24	416
24	419
24	420
25	5
25	12
25	36
25	56
25	71
25	76
25	85
25	97
25	105
25	130
25	170
25	180
25	192
25	206
25	234
25	256
25	262
25	340
25	349
25	384
25	390
25	394
25	397
25	406
25	418
25	458
26	16
26	28
26	43
26	53
26	65
26	68
26	80
26	88
26	101
26	129
26	138
26	172
26	228
26	269
26	274
26	298
26	341
26	384
26	391
26	400
26	405
26	451
27	0
27	8
27	42
27	47
27	58
27	71
27	97
27	98
27	100
27	130
27	132
27	160
27	192
27	256
27	257
27	266
27	275
27	292
27	308
27	386
27	392
27	416
27	427
28	3
28	12
28	13
28	35
28	39
28	59
28	85
28	128
28	129
28	137
28	176
28	216
28	264
28	331
28	357
28	408
28	418
28	463
29	3
29	32
29	38
29	96
29	97
29	98
29	139
29	162
29	256
29	341
29	360
29	458
29	480
30	2
30	10
30	28
30	41
30	72
30	177
30	225
30	257
30	272
30	277
30	301
30	304
30	308
30	364
30	374
30	384
30	391
30	421
30	460
31	21
31	49
31	72
31	132
31	280
31	320
31	352
31	386
31	444
32	0
32	6
32	8
32	17
32	19
32	20
32	22
32	26
32	36
32	37
32	40
32	64
32	85
32	96
32	104
32	128
32	144
32	159
32	162
32	165
32	169
32	172
32	180
32	192
32	200
32	233
32	241
32	244
32	262
32	268
32	278
32	288
32	290
32	292
32	311
32	337
32	355
32	388
32	422
32	492
33	16
33	18
33	40
33	48
33	52
33	68
33	78
33	88
33	92
33	97
33	100
33	129
33	136
33	142
33	144
33	179
33	196
33	205
33	212
33	228
33	252
33	257
33	263
33	280
33	281
33	363
33	394
33	432
33	448
33	449
34	4
34	5
34	9
34	16
34	20
34	24
34	27
34	32
34	54
34	64
34	91
34	128
34	132
34	133
34	141
34	144
34	145
34	146
34	154
34	160
34	185
34	196
34	264
34	265
34	273
34	276
34	320
34	384
34	418
35	8
35	13
35	48
35	154
35	172
35	224
35	290
35	293
35	329
35	392
35	416
35	449
35	486
35	505
36	3
36	12
36	14
36	20
36	32
36	51
36	65
36	73
36	81
36	88
36	96
36	97
36	98
36	105
36	128
36	135
36	141
36	145
36	160
36	161
36	228
36	243
36	274
36	281
36	285
36	289
36	301
36	323
36	329
36	337
36	372
36	390
36	395
36	436
36	497
37	18
37	24
37	45
37	52
37	70
37	74
37	84
37	144
37	166
37	192
37	204
37	240
37	264
37	304
37	481
38	6
38	22
38	56
38	65
38	96
38	112
38	136
38	178
38	257
38	260
38	285
38	330
38	336
38	388
38	393
38	395
38	420
39	0
39	17
39	20
39	32
39	98
39	104
39	130
39	148
39	296
39	304
39	368
39	384
39	411
39	457
39	485
40	0
40	3
40	11
40	20
40	33
40	43
40	52
40	55
40	62
40	64
40	65
40	66
40	77
40	80
40	81
40	106
40	145
40	200
40	226
40	256
40	257
40	270
40	298
40	308
40	324
40	343
40	391
40	392
40	393
40	428
40	450
40	508
41	2
41	4
41	12
41	65
41	134
41	139
41	152
41	156
41	162
41	179
41	200
41	207
41	256
41	262
41	352
41	388
41	465
41	473
42	0
42	8
42	12
42	17
42	49
42	64
42	81
42	85
42	115
42	129
42	194
42	209
42	240
42	244
42	272
42	277
42	292
42	295
42	322
42	324
42	430
43	4
43	8
43	30
43	88
43	90
43	139
43	148
43	160
43	174
43	209
43	258
43	260
43	276
43	288
43	321
43	353
43	383
43	387
43	437
43	448
44	9
44	16
44	72
44	114
44	128
44	137
44	141
44	149
44	163
44	169
44	180
44	200
44	232
44	237
44	257
44	272
44	299
44	320
44	336
44	369
44	394
44	430
45	83
45	88
45	128
45	137
45	145
45	161
45	194
45	256
45	266
45	355
45	389
45	403
45	481
46	0
46	1
46	5
46	64
46	87
46	96
46	100
46	128
46	172
46	304
46	306
46	320
46	326
46	339
46	357
46	436
46	488
47	8
47	59
47	90
47	116
47	168
47	216
47	256
47	295
47	390
48	4
48	6
48	8
48	13
48	32
48	61
48	64
48	70
48	71
48	78
48	90
48	96
48	120
48	128
48	130
48	131
48	134
48	135
48	136
48	139
48	143
48	144
48	160
48	164
48	168
48	189
48	195
48	196
48	197
48	210
48	216
48	273
48	288
48	315
48	324
48	326
48	375
48	416
48	456
48	486
49	8
49	41
49	55
49	64
49	66
49	131
49	137
49	138
49	159
49	192
49	228
49	360
50	3
50	5
50	91
50	92
50	136
50	148
50	161
50	164
50	192
50	252
50	253
50	270
50	328
50	329
50	401
50	436
50	443
51	8
51	19
51	34
51	48
51	72
51	82
51	100
51	128
51	140
51	154
51	176
51	256
51	305
51	321
51	381
51	417
51	419
51	477
52	32
52	50
52	64
52	66
52	68
52	70
52	83
52	128
52	129
52	130
52	145
52	192
52	197
52	217
52	225
52	302
52	306
52	326
52	352
52	360
52	440
53	0
53	6
53	9
53	14
53	64
53	86
53	131
53	144
53	221
53	242
53	358
53	412
53	490
54	0
54	4
54	14
54	32
54	68
54	85
54	196
54	198
54	210
54	234
54	256
54	336
54	390
54	392
54	422
54	475
55	9
55	18
55	35
55	140
55	162
55	193
55	198
55	268
55	275
55	294
55	297
55	449
55	496
56	0
56	12
56	17
56	52
56	54
56	75
56	76
56	116
56	140
56	153
56	192
56	194
56	216
56	225
56	257
56	292
56	322
56	332
56	345
56	404
57	13
57	16
57	36
57	100
57	108
57	129
57	163
57	342
57	357
57	451
57	480
58	20
58	37
58	65
58	95
58	151
58	194
58	240
58	260
58	354
58	390
58	465
59	64
59	80
59	88
59	193
59	339
59	449
60	3
60	7
60	17
60	18
60	36
60	47
60	71
60	93
60	159
60	174
60	185
60	194
60	197
60	225
60	342
60	358
60	366
60	388
60	485
61	10
61	48
61	70
61	130
61	196
61	208
61	269
61	311
61	320
61	384
61	403
61	424
62	0
62	16
62	44
62	68
62	129
62	169
62	324
62	352
63	34
63	256
63	468
64	0
64	8
64	12
64	16
64	19
64	20
64	21
64	40
64	50
64	54
64	55
64	64
64	96
64	98
64	100
64	117
64	118
64	129
64	131
64	132
64	151
64	157
64	161
64	168
64	170
64	173
64	190
64	225
64	226
64	227
64	229
64	233
64	274
64	275
64	280
64	289
64	321
64	330
64	334
64	354
64	377
64	389
64	390
64	402
65	0
65	9
65	20
65	25
65	30
65	31
65	40
65	48
65	52
65	70
65	72
65	82
65	88
65	100
65	122
65	140
65	212
65	260
65	280
65	285
65	288
65	292
65	324
65	336
65	389
65	393
65	396
65	423
65	440
65	490
65	497
66	1
66	4
66	6
66	7
66	12
66	16
66	33
66	36
66	40
66	48
66	74
66	88
66	97
66	103
66	120
66	128
66	136
66	140
66	148
66	162
66	164
66	179
66	182
66	256
66	262
66	264
66	273
66	301
66	338
66	340
66	348
66	386
66	388
66	393
66	401
66	402
66	413
66	460
67	4
67	14
67	70
67	127
67	130
67	155
67	160
67	190
67	193
67	196
67	199
67	210
67	268
67	272
67	273
67	280
67	298
67	328
67	334
67	346
67	360
67	375
67	474
68	0
68	13
68	17
68	20
68	32
68	70
68	80
68	112
68	128
68	129
68	158
68	160
68	175
68	184
68	199
68	246
68	266
68	274
68	283
68	321
68	342
68	352
68	477
69	2
69	4
69	12
69	24
69	34
69	37
69	44
69	85
69	128
69	129
69	163
69	201
69	202
69	208
69	244
69	259
69	288
69	342
69	403
69	413
69	424
69	466
70	14
70	32
70	56
70	60
70	64
70	73
70	82
70	96
70	128
70	149
70	200
70	254
70	272
70	288
70	289
70	340
70	373
70	404
71	10
71	64
71	68
71	105
71	130
71	211
71	264
71	280
71	393
71	420
72	4
72	11
72	19
72	21
72	28
72	48
72	49
72	58
72	60
72	64
72	71
72	85
72	86
72	97
72	99
72	102
72	104
72	106
72	111
72	114
72	129
72	131
72	155
72	160
72	161
72	182
72	205
72	257
72	283
72	288
72	292
72	300
72	304
72	312
72	316
72	337
72	380
72	389
72	397
72	400
72	401
72	405
72	413
72	423
72	440
72	454
72	491
73	33
73	48
73	72
73	73
73	139
73	160
73	178
73	183
73	224
73	230
73	265
73	271
73	336
73	346
73	458
74	0
74	4
74	9
74	41
74	88
74	129
74	140
74	180
74	211
74	244
74	263
74	264
74	273
74	296
74	320
74	405
75	16
75	32
75	66
75	76
75	112
75	160
75	166
75	167
75	212
75	243
75	250
75	260
75	416
76	0
76	1
76	32
76	70
76	96
76	118
76	134
76	138
76	141
76	150
76	154
76	158
76	165
76	182
76	244
76	262
76	264
76	268
76	270
76	274
76	320
76	354
76	386
76	438
76	449
77	25
77	35
77	120
77	144
77	194
77	272
77	278
77	291
77	330
77	406
77	430
78	6
78	10
78	28
78	35
78	37
78	66
78	81
78	97
78	115
78	129
78	194
78	200
78	230
78	272
78	299
78	331
78	416
78	438
78	466
79	150
79	208
79	211
79	257
79	272
79	276
79	312
79	384
79	458
80	1
80	16
80	28
80	32
80	33
80	40
80	46
80	48
80	64
80	72
80	74
80	78
80	97
80	112
80	130
80	132
80	146
80	150
80	152
80	168
80	184
80	192
80	194
80	207
80	227
80	257
80	263
80	264
80	320
80	352
80	361
80	384
80	391
80	407
80	408
80	420
80	436
80	461
80	484
80	486
80	490
81	2
81	6
81	9
81	18
81	20
81	47
81	78
81	104
81	138
81	139
81	146
81	148
81	153
81	177
81	224
81	294
81	300
81	321
81	366
81	504
82	42
82	47
82	60
82	72
82	73
82	88
82	97
82	129
82	136
82	160
82	176
82	184
82	187
82	242
82	251
82	291
82	377
82	449
83	36
83	48
83	53
83	78
83	148
83	164
83	196
83	197
83	209
83	333
84	16
84	75
84	88
84	109
84	129
84	136
84	150
84	223
84	257
84	259
84	372
84	384
84	400
84	409
85	0
85	9
85	20
85	26
85	36
85	50
85	65
85	66
85	100
85	130
85	180
85	204
85	276
85	408
85	448
86	5
86	26
86	38
86	40
86	219
86	224
86	259
86	287
86	291
86	347
86	360
86	387
86	404
87	72
87	152
87	261
87	446
88	0
88	10
88	113
88	143
88	149
88	161
88	182
88	307
88	320
88	322
88	401
88	413
88	468
89	0
89	36
89	48
89	128
89	132
89	143
89	267
89	292
89	298
89	320
89	387
89	422
89	452
89	461
90	18
90	33
90	35
90	64
90	65
90	66
90	90
90	137
90	140
90	160
90	164
90	192
90	195
90	423
91	1
91	2
91	36
91	147
91	290
91	362
91	445
92	4
92	6
92	7
92	102
92	129
92	196
92	208
92	226
92	275
92	281
92	360
92	384
92	413
92	425
92	458
93	0
93	68
93	136
93	149
93	165
93	210
93	258
93	298
93	423
93	482
94	4
94	17
94	169
94	172
94	186
94	297
94	357
94	438
94	465
95	36
95	64
95	96
95	128
95	161
95	224
95	277
95	400
96	5
96	6
96	27
96	56
96	57
96	76
96	79
96	80
96	84
96	88
96	133
96	134
96	139
96	144
96	147
96	153
96	201
96	202
96	262
96	272
96	276
96	389
96	396
96	399
96	404
96	412
96	474
97	3
97	8
97	16
97	22
97	42
97	56
97	64
97	65
97	76
97	128
97	142
97	178
97	181
97	217
97	256
97	295
97	320
97	342
97	354
97	400
98	8
98	9
98	20
98	23
98	24
98	45
98	48
98	72
98	177
98	178
98	199
98	204
98	258
98	259
98	260
98	266
98	275
98	384
98	451
98	480
98	481
98	486
98	501
98	510
99	8
99	20
99	23
99	44
99	58
99	110
99	208
99	214
99	257
99	292
99	338
99	429
100	0
100	7
100	11
100	40
100	112
100	130
100	139
100	144
100	210
100	316
100	386
100	404
100	464
100	486
101	0
101	2
101	16
101	31
101	42
101	64
101	115
101	116
101	201
101	256
101	294
101	302
101	330
101	337
101	368
101	392
101	491
102	3
102	25
102	48
102	56
102	74
102	128
102	138
102	145
102	147
102	181
102	192
102	256
102	280
102	448
103	12
103	98
103	129
103	264
103	288
103	417
104	0
104	3
104	6
104	18
104	36
104	40
104	48
104	50
104	73
104	89
104	97
104	109
104	128
104	197
104	229
104	257
104	291
104	315
104	338
104	349
104	353
104	392
105	1
105	33
105	34
105	68
105	96
105	104
105	124
105	129
105	133
105	262
105	272
106	14
106	18
106	36
106	113
106	128
106	165
106	384
106	423
106	432
107	4
107	6
107	35
107	54
107	122
107	135
107	152
107	176
107	256
107	356
107	368
108	8
108	84
108	116
108	136
108	152
108	168
108	267
108	270
108	288
108	289
108	336
108	368
108	372
108	435
108	500
109	33
109	144
109	163
109	164
109	177
109	268
109	283
109	448
110	0
110	17
110	21
110	24
110	53
110	58
110	82
110	95
110	105
110	128
110	192
110	268
110	272
110	387
110	448
111	16
111	117
112	8
112	11
112	22
112	30
112	41
112	74
112	80
112	117
112	121
112	136
112	168
112	208
112	271
112	276
112	321
112	326
112	354
112	385
112	397
112	406
112	407
112	416
112	430
112	472
112	486
113	0
113	1
113	16
113	26
113	64
113	76
113	128
113	193
113	201
113	256
113	266
113	330
113	388
113	404
113	418
113	436
113	454
114	1
114	16
114	33
114	38
114	76
114	108
114	146
114	149
114	224
114	256
114	288
114	417
114	433
115	9
115	14
115	128
115	136
115	148
115	198
115	294
115	305
115	336
115	347
115	384
115	422
116	11
116	33
116	36
116	42
116	131
116	152
116	179
116	255
116	256
116	278
116	306
116	374
116	483
117	2
117	3
117	6
117	20
117	43
117	47
117	92
117	128
117	137
117	199
117	203
117	220
117	320
117	362
117	390
118	9
118	10
118	109
118	133
118	176
118	181
118	191
118	272
118	305
118	321
118	333
118	393
118	439
118	448
119	5
119	96
119	104
119	122
119	148
119	202
120	12
120	24
120	33
120	57
120	96
120	154
120	335
120	338
120	386
120	425
120	438
121	0
121	44
121	143
121	220
121	328
121	336
121	386
122	12
122	16
122	18
122	85
122	129
122	136
122	196
122	260
122	308
122	356
122	401
123	18
123	132
123	148
123	257
123	291
123	424
124	22
124	99
124	129
124	294
124	298
124	417
124	445
125	4
125	27
125	70
125	312
125	321
126	3
126	6
126	137
126	160
126	184
126	192
126	388
127	16
127	36
127	224
127	391
127	428
128	0
128	1
128	4
128	5
128	16
128	17
128	20
128	21
128	31
128	34
128	39
128	50
128	81
128	86
128	88
128	92
128	96
128	103
128	113
128	150
128	151
128	153
128	174
128	183
128	186
128	194
128	198
128	224
128	256
128	266
128	274
128	276
128	288
128	289
128	297
128	298
128	320
128	336
128	343
128	347
128	354
128	362
128	389
128	398
128	400
128	437
128	485
128	506
129	12
129	34
129	36
129	41
129	65
129	101
129	102
129	131
129	132
129	148
129	188
129	200
129	204
129	230
129	258
129	272
129	282
129	285
129	296
129	325
129	340
129	362
129	386
129	451
130	0
130	2
130	24
130	52
130	67
130	69
130	98
130	112
130	117
130	129
130	134
130	147
130	176
130	183
130	229
130	264
130	265
130	271
130	276
130	282
130	284
130	295
130	400
130	405
130	411
130	418
130	424
130	468
131	12
131	24
131	38
131	48
131	72
131	91
131	194
131	210
131	224
131	242
131	256
131	268
131	274
131	316
131	344
131	345
131	347
131	360
131	388
131	483
132	1
132	2
132	8
132	16
132	20
132	22
132	31
132	56
132	64
132	72
132	77
132	91
132	99
132	105
132	106
132	107
132	115
132	145
132	168
132	176
132	207
132	245
132	268
132	290
132	301
132	330
132	363
132	402
132	409
132	466
132	481
133	4
133	44
133	46
133	56
133	58
133	68
133	98
133	100
133	128
133	142
133	144
133	145
133	152
133	166
133	167
133	178
133	212
133	258
133	285
133	322
133	325
133	353
133	394
134	1
134	35
134	37
134	98
134	101
134	104
134	160
134	257
134	263
134	289
134	338
134	365
134	455
135	9
135	28
135	38
135	68
135	128
135	129
135	138
135	152
135	172
135	201
135	205
135	224
135	268
135	290
135	292
135	320
135	396
136	0
136	4
136	25
136	32
136	35
136	58
136	68
136	78
136	82
136	84
136	90
136	96
136	97
136	98
136	101
136	118
136	129
136	137
136	142
136	177
136	224
136	259
136	262
136	265
136	274
136	286
136	292
136	296
136	304
136	310
136	321
136	355
136	358
136	368
136	372
136	395
136	428
137	12
137	21
137	22
137	32
137	38
137	48
137	69
137	92
137	104
137	120
137	213
137	261
137	267
137	270
137	325
137	329
138	4
138	35
138	65
138	66
138	72
138	105
138	122
138	131
138	155
138	165
138	168
138	184
138	229
138	268
138	288
138	290
138	292
138	306
138	321
138	365
138	385
138	423
139	16
139	30
139	48
139	161
139	181
139	212
139	220
139	275
139	289
139	306
139	340
139	376
139	466
140	5
140	13
140	28
140	38
140	53
140	66
140	72
140	106
140	150
140	153
140	240
140	278
140	299
140	305
140	338
140	354
140	410
140	420
140	474
141	1
141	2
141	4
141	32
141	42
141	96
141	109
141	125
141	160
141	174
141	208
141	261
141	268
141	272
141	277
141	398
142	18
142	29
142	68
142	120
142	134
142	136
142	144
142	184
142	237
142	258
142	288
142	294
142	321
142	432
143	18
143	30
143	36
143	48
143	61
143	62
143	66
143	103
143	128
143	129
143	168
143	280
143	310
143	326
143	390
143	465
144	0
144	1
144	2
144	7
144	13
144	60
144	65
144	70
144	72
144	80
144	88
144	100
144	105
144	120
144	131
144	158
144	162
144	180
144	209
144	256
144	259
144	273
144	276
144	288
144	294
144	296
144	330
144	344
144	354
144	356
144	370
144	371
144	376
144	383
144	400
144	403
145	4
145	17
145	20
145	33
145	64
145	81
145	142
145	163
145	182
145	202
145	273
145	290
145	318
145	320
145	356
146	1
146	4
146	8
146	17
146	19
146	36
146	39
146	42
146	46
146	56
146	66
146	67
146	68
146	71
146	165
146	260
146	290
146	328
146	336
146	337
146	360
146	384
146	420
147	2
147	16
147	64
147	76
147	130
147	143
147	194
147	258
147	365
147	384
147	416
147	417
147	421
148	20
148	32
148	41
148	66
148	97
148	101
148	128
148	143
148	186
148	190
148	200
148	260
148	285
148	298
148	309
148	392
148	416
148	442
148	449
148	450
149	32
149	33
149	43
149	69
149	74
149	130
149	132
149	137
149	177
149	264
149	272
149	273
149	296
149	304
149	405
149	494
150	1
150	9
150	68
150	78
150	81
150	83
150	128
150	132
150	142
150	160
150	198
150	260
150	290
150	325
150	334
151	5
151	8
151	44
151	72
151	100
151	201
151	228
151	261
151	402
151	475
151	509
152	6
152	23
152	33
152	40
152	77
152	94
152	122
152	141
152	170
152	193
152	202
152	208
152	214
152	244
152	256
152	281
152	300
152	396
152	418
152	511
153	20
153	36
153	84
153	87
153	97
153	99
153	104
153	112
153	126
153	131
153	164
153	292
153	344
153	397
153	408
153	431
153	457
154	0
154	1
154	4
154	6
154	10
154	16
154	36
154	56
154	88
154	100
154	121
154	133
154	138
154	144
154	159
154	163
154	204
154	279
154	298
154	324
154	353
154	386
154	400
154	406
154	423
155	2
155	26
155	64
155	68
155	80
155	143
155	256
155	439
156	20
156	33
156	58
156	192
156	193
156	252
156	257
156	292
156	342
156	355
156	378
156	425
156	482
157	1
157	7
157	20
157	52
157	64
157	84
157	88
157	227
157	325
157	394
158	7
158	8
158	25
158	44
158	68
158	92
158	97
158	218
158	336
158	372
158	404
159	8
159	35
159	71
159	98
159	110
159	168
159	283
159	311
159	312
159	356
159	390
160	0
160	8
160	22
160	37
160	45
160	52
160	57
160	58
160	64
160	67
160	70
160	81
160	98
160	111
160	118
160	131
160	138
160	150
160	152
160	160
160	184
160	200
160	218
160	256
160	257
160	272
160	277
160	281
160	290
160	291
160	314
160	325
160	332
160	352
160	365
160	382
160	437
160	462
161	1
161	2
161	5
161	18
161	28
161	35
161	56
161	88
161	103
161	106
161	128
161	160
161	162
161	232
161	254
161	272
161	288
161	304
161	410
161	484
162	1
162	8
162	16
162	29
162	89
162	161
162	200
162	256
162	257
162	259
162	334
162	340
162	351
162	448
162	449
162	492
163	16
163	64
163	65
163	72
163	138
163	160
163	256
163	260
163	273
163	310
163	391
163	449
164	9
164	10
164	35
164	65
164	96
164	98
164	99
164	131
164	140
164	153
164	184
164	192
164	296
164	324
164	341
164	348
164	352
164	361
164	371
164	376
164	412
164	472
165	2
165	34
165	80
165	98
165	137
165	138
165	163
165	165
165	224
165	248
165	281
165	359
165	386
165	392
165	498
166	3
166	8
166	65
166	160
166	176
166	226
166	242
166	264
166	265
166	281
166	350
166	374
166	417
166	464
166	480
167	2
167	8
167	19
167	20
167	65
167	77
167	320
167	321
167	338
167	402
168	17
168	45
168	66
168	68
168	72
168	80
168	97
168	128
168	131
168	132
168	147
168	149
168	187
168	258
168	268
168	296
168	337
168	352
168	354
168	389
168	417
168	422
169	6
169	24
169	52
169	120
169	122
169	153
169	165
169	275
169	280
169	282
169	302
169	320
170	0
170	4
170	16
170	20
170	45
170	64
170	78
170	117
170	148
170	162
170	168
170	192
170	256
170	307
170	324
170	336
171	36
171	54
171	59
171	76
171	121
171	168
171	173
171	174
171	257
171	258
171	260
171	277
171	363
172	3
172	4
172	32
172	66
172	212
172	229
172	261
172	272
172	277
172	442
172	459
173	5
173	73
173	274
173	280
173	327
174	25
174	59
174	117
174	160
174	173
174	200
174	298
174	323
174	324
174	353
174	452
175	10
175	196
175	212
175	260
175	324
176	3
176	8
176	27
176	28
176	116
176	170
176	197
176	237
176	249
176	257
176	265
176	279
176	389
176	393
176	403
177	3
177	5
177	166
177	233
177	352
177	361
177	384
177	490
177	502
178	7
178	9
178	77
178	88
178	139
178	145
178	240
178	262
178	268
178	323
178	339
178	348
178	480
178	481
178	501
179	8
179	67
179	100
179	112
179	113
179	209
179	264
179	424
180	44
180	104
180	115
180	138
180	157
180	160
180	164
180	166
180	256
180	274
180	302
180	321
181	9
181	22
181	33
181	42
181	91
181	156
181	176
181	210
181	257
181	288
181	405
182	5
182	28
182	38
182	68
182	152
182	160
182	185
182	260
182	296
182	338
182	360
182	391
183	33
183	51
183	100
183	102
183	276
183	304
183	312
183	342
183	372
184	25
184	53
184	88
184	91
184	96
184	112
184	136
184	178
184	184
184	228
184	262
184	270
184	316
184	323
184	338
184	343
184	386
185	25
185	44
185	48
185	50
185	57
185	96
185	160
185	192
185	258
185	320
185	328
185	388
185	478
186	8
186	34
186	41
186	89
186	273
186	328
186	355
186	461
187	0
187	4
187	6
187	32
187	182
187	260
187	390
187	462
188	1
188	4
188	41
188	72
188	85
188	88
188	99
188	218
188	361
188	420
188	448
188	496
189	0
189	8
189	9
189	292
189	344
189	434
190	68
190	106
190	128
190	142
190	198
190	206
190	245
190	259
190	376
190	419
190	452
191	96
191	187
191	305
192	0
192	4
192	6
192	9
192	18
192	35
192	36
192	41
192	42
192	47
192	49
192	50
192	64
192	75
192	97
192	107
192	111
192	118
192	135
192	144
192	148
192	264
192	268
192	269
192	272
192	280
192	282
192	291
192	300
192	310
192	322
192	331
192	355
192	384
192	388
192	428
193	0
193	2
193	12
193	16
193	32
193	36
193	48
193	64
193	76
193	83
193	98
193	104
193	109
193	128
193	138
193	148
193	165
193	205
193	220
193	228
193	254
193	260
193	265
193	270
193	289
193	330
193	450
193	487
194	32
194	41
194	65
194	66
194	98
194	154
194	168
194	172
194	196
194	247
194	257
194	288
194	296
194	332
194	336
194	392
195	0
195	8
195	24
195	28
195	37
195	48
195	57
195	70
195	115
196	6
196	10
196	16
196	18
196	41
196	53
196	57
196	65
196	69
196	70
196	147
196	148
196	177
196	202
196	239
196	258
196	274
196	392
196	393
196	400
196	402
197	13
197	22
197	28
197	32
197	36
197	74
197	84
197	126
197	188
197	205
197	227
197	260
197	273
197	276
197	308
197	351
197	369
197	416
197	487
198	13
198	32
198	73
198	82
198	144
198	155
198	267
198	268
198	276
198	296
198	392
198	431
199	7
199	24
199	31
199	131
199	145
199	308
199	405
199	445
200	37
200	135
200	137
200	169
200	259
200	262
200	376
200	384
200	400
200	409
201	16
201	18
201	38
201	59
201	61
201	98
201	100
201	102
201	132
201	179
201	224
201	322
201	344
201	389
202	2
202	5
202	17
202	29
202	35
202	49
202	96
202	102
202	106
202	148
202	152
202	161
202	201
202	281
202	296
202	310
202	370
203	1
203	20
203	74
203	102
203	276
203	310
203	322
203	391
204	6
204	43
204	64
204	72
204	88
204	151
204	169
204	184
204	281
204	308
204	384
204	400
204	410
204	463
204	475
205	17
205	64
205	72
205	176
205	256
205	273
205	282
205	320
205	386
206	12
206	80
206	161
206	205
206	256
206	296
206	311
207	0
207	16
207	77
207	99
207	288
207	344
207	365
207	369
207	465
208	7
208	8
208	16
208	19
208	68
208	87
208	120
208	136
208	137
208	176
208	184
208	216
208	256
208	260
208	279
208	304
208	320
208	324
208	430
209	12
209	20
209	26
209	46
209	57
209	66
209	128
209	132
209	171
209	198
209	203
209	251
209	256
209	328
209	331
209	346
209	399
209	446
209	468
210	0
210	8
210	13
210	47
210	130
210	137
210	195
210	249
210	257
210	265
210	300
210	388
210	404
211	7
211	24
211	52
211	53
211	176
211	191
211	264
211	287
211	308
211	397
212	23
212	26
212	52
212	64
212	79
212	82
212	89
212	160
212	175
212	178
212	268
212	288
212	433
212	489
213	0
213	19
213	66
213	96
213	144
213	256
213	293
213	325
213	384
214	0
214	24
214	43
214	80
214	128
214	146
215	8
215	18
215	84
215	224
215	257
215	290
215	420
216	1
216	3
216	23
216	38
216	39
216	66
216	74
216	85
216	88
216	98
216	102
216	128
216	130
216	197
216	259
216	264
216	284
216	289
216	329
216	437
216	453
216	454
217	3
217	5
217	12
217	25
217	56
217	140
217	160
217	320
217	403
218	0
218	8
218	28
218	48
218	76
218	274
218	306
219	49
219	80
219	81
219	258
219	344
219	386
220	4
220	12
220	36
220	77
220	176
220	281
220	301
220	448
220	481
221	16
221	52
221	194
222	0
222	1
222	17
222	48
222	117
222	129
222	163
223	37
223	77
223	128
223	257
224	5
224	16
224	25
224	59
224	64
224	76
224	80
224	81
224	130
224	131
224	135
224	180
224	192
224	200
224	256
224	261
224	265
224	273
224	274
224	278
224	284
224	292
224	450
225	2
225	8
225	37
225	48
225	82
225	214
225	258
225	262
225	272
225	288
225	324
225	348
225	396
226	25
226	36
226	41
226	68
226	70
226	141
226	176
226	219
226	266
226	267
226	322
226	364
226	388
226	403
227	1
227	8
227	16
227	164
227	280
227	384
228	4
228	72
228	120
228	128
228	131
228	137
228	178
228	197
228	264
228	387
228	388
228	406
229	3
229	51
229	104
229	120
229	133
229	170
229	259
229	412
230	8
230	45
230	96
230	196
230	214
230	234
230	258
230	347
230	365
230	370
230	392
230	427
231	12
231	148
232	14
232	22
232	65
232	68
232	121
232	139
232	202
232	217
232	225
232	259
232	261
232	397
233	10
233	140
233	245
233	424
234	3
234	4
234	16
234	28
234	51
234	88
234	167
234	256
234	263
234	268
234	341
234	342
234	424
235	142
235	170
235	265
236	22
236	31
236	32
236	34
236	35
236	68
236	97
236	152
236	264
236	283
236	339
236	360
236	436
237	74
237	128
237	224
237	283
238	8
238	38
238	344
238	451
239	21
239	87
239	129
239	179
240	32
240	33
240	35
240	101
240	160
240	163
240	256
240	264
241	24
241	30
241	144
241	169
241	231
241	273
241	296
241	314
241	320
241	360
242	25
242	31
242	33
242	58
242	72
242	130
242	136
242	148
242	176
242	264
242	268
242	273
242	331
242	470
243	16
243	46
243	146
243	322
243	421
244	2
244	10
244	146
244	192
244	333
244	381
244	401
245	28
245	136
245	168
245	257
245	270
246	34
246	285
246	325
247	116
247	416
248	1
248	7
248	66
248	84
248	131
248	193
248	200
248	378
249	2
249	42
249	152
249	256
249	392
249	450
250	68
250	196
250	337
250	390
251	8
251	11
251	12
251	98
251	139
251	220
251	407
252	160
252	169
252	282
253	3
253	147
253	329
254	6
254	7
254	133
254	296
255	77
256	0
256	1
256	8
256	20
256	21
256	24
256	26
256	27
256	33
256	34
256	36
256	41
256	42
256	48
256	56
256	59
256	60
256	69
256	89
256	96
256	98
256	110
256	122
256	128
256	133
256	135
256	138
256	144
256	149
256	152
256	153
256	156
256	158
256	186
256	192
256	196
256	204
256	218
256	241
256	244
256	256
256	257
256	260
256	263
256	268
256	270
256	314
256	317
256	320
256	329
256	337
256	362
256	392
256	402
256	405
256	418
256	452
256	485
257	0
257	23
257	25
257	32
257	34
257	42
257	63
257	67
257	113
257	128
257	130
257	135
257	155
257	179
257	182
257	192
257	198
257	224
257	278
257	281
257	286
257	288
257	354
257	384
257	402
257	414
257	426
257	440
257	475
258	1
258	10
258	11
258	12
258	16
258	20
258	30
258	52
258	61
258	78
258	84
258	92
258	112
258	136
258	173
258	174
258	192
258	193
258	194
258	196
258	220
258	224
258	309
258	315
258	332
258	334
258	381
258	400
258	420
258	454
258	468
258	480
259	2
259	17
259	64
259	86
259	98
259	129
259	158
259	168
259	204
259	226
259	272
259	277
259	279
259	296
259	302
259	334
259	335
259	361
259	363
259	388
259	400
259	433
259	480
260	1
260	2
260	11
260	25
260	33
260	48
260	59
260	71
260	106
260	137
260	138
260	143
260	154
260	158
260	162
260	165
260	168
260	204
260	211
260	260
260	263
260	292
260	298
260	301
260	400
260	481
260	504
261	9
261	17
261	18
261	69
261	73
261	80
261	84
261	96
261	98
261	111
261	122
261	152
261	162
261	172
261	197
261	216
261	233
261	261
261	276
261	298
261	311
261	320
261	322
261	336
261	338
261	356
261	384
261	410
261	418
262	0
262	4
262	9
262	16
262	21
262	37
262	38
262	50
262	87
262	90
262	112
262	151
262	160
262	163
262	192
262	196
262	237
262	260
262	261
262	306
262	338
262	408
263	6
263	22
263	32
263	57
263	64
263	99
263	140
263	164
263	182
263	256
263	257
263	280
263	360
263	388
263	401
264	6
264	19
264	35
264	41
264	48
264	51
264	52
264	53
264	59
264	63
264	66
264	74
264	76
264	88
264	91
264	127
264	129
264	144
264	154
264	172
264	184
264	194
264	229
264	254
264	256
264	264
264	274
264	279
264	308
264	354
264	395
264	420
264	435
264	496
265	1
265	2
265	6
265	16
265	24
265	29
265	32
265	56
265	105
265	122
265	145
265	165
265	173
265	229
265	240
265	249
265	256
265	322
265	404
265	423
265	464
266	9
266	16
266	45
266	63
266	64
266	80
266	97
266	100
266	132
266	192
266	259
266	278
266	305
266	332
266	360
266	373
266	405
266	437
266	461
267	0
267	6
267	10
267	20
267	40
267	67
267	118
267	128
267	146
267	155
267	164
267	204
267	206
267	288
267	408
267	409
267	424
267	492
268	20
268	21
268	32
268	56
268	65
268	72
268	76
268	121
268	124
268	137
268	160
268	208
268	209
268	276
268	277
268	357
268	418
268	420
268	425
268	450
269	3
269	19
269	80
269	92
269	135
269	140
269	188
269	241
269	375
269	504
269	508
270	17
270	73
270	98
270	101
270	142
270	148
270	192
270	227
270	264
271	6
271	132
271	165
271	201
271	227
271	256
271	288
271	293
271	341
271	360
272	0
272	2
272	8
272	10
272	13
272	16
272	18
272	33
272	40
272	48
272	67
272	73
272	83
272	95
272	121
272	136
272	137
272	146
272	156
272	160
272	172
272	186
272	200
272	211
272	231
272	273
272	276
272	280
272	283
272	289
272	291
272	316
272	336
272	340
272	356
272	377
272	386
272	400
272	418
272	432
272	480
273	4
273	33
273	34
273	43
273	65
273	68
273	108
273	124
273	132
273	145
273	167
273	199
273	231
273	256
273	288
273	321
273	357
273	367
273	421
273	436
273	452
273	453
274	0
274	4
274	38
274	59
274	60
274	68
274	105
274	116
274	148
274	194
274	196
274	232
274	243
274	264
274	274
274	298
274	322
274	341
274	465
275	3
275	28
275	97
275	107
275	113
275	160
275	208
275	267
275	283
275	305
275	308
275	326
275	328
275	417
276	9
276	16
276	40
276	50
276	68
276	70
276	91
276	98
276	100
276	161
276	176
276	195
276	197
276	223
276	248
276	272
276	276
276	296
276	310
276	336
276	402
276	417
277	0
277	49
277	64
277	74
277	100
277	170
277	177
277	227
277	248
277	273
277	274
277	312
277	415
278	6
278	8
278	25
278	40
278	72
278	78
278	98
278	146
278	162
278	168
278	200
278	203
278	264
278	281
278	289
278	306
278	352
278	361
278	368
278	393
278	449
279	8
279	12
279	40
279	48
279	52
279	70
279	144
279	152
279	160
279	261
279	311
279	328
280	4
280	5
280	11
280	13
280	18
280	32
280	33
280	68
280	80
280	82
280	101
280	114
280	124
280	149
280	233
280	240
280	248
280	296
280	388
280	468
281	12
281	34
281	50
281	64
281	101
281	144
281	160
281	192
281	252
281	264
281	274
281	362
282	0
282	128
282	135
282	388
282	433
282	462
283	0
283	2
283	9
283	10
283	34
283	48
283	136
283	247
283	257
283	288
283	389
283	390
284	5
284	52
284	60
284	78
284	96
284	98
284	156
284	264
284	386
285	4
285	133
285	168
285	171
285	174
285	240
286	34
286	40
286	69
286	141
286	160
286	161
286	211
286	261
286	266
286	322
287	72
287	165
287	192
287	320
287	452
287	480
288	5
288	8
288	16
288	18
288	33
288	35
288	44
288	56
288	68
288	71
288	73
288	83
288	98
288	105
288	106
288	128
288	133
288	163
288	168
288	173
288	179
288	192
288	215
288	260
288	286
288	385
288	393
288	424
288	456
288	461
289	2
289	16
289	34
289	36
289	50
289	64
289	65
289	69
289	137
289	138
289	146
289	216
289	217
289	262
289	291
289	341
289	384
289	389
289	418
289	450
290	13
290	25
290	80
290	110
290	176
290	197
290	198
290	266
290	269
290	283
290	327
290	436
291	3
291	20
291	64
291	131
291	140
291	152
291	170
291	206
291	214
291	232
291	264
291	272
291	306
291	354
291	368
291	389
292	0
292	4
292	22
292	24
292	50
292	90
292	114
292	132
292	136
292	143
292	194
292	247
292	249
292	268
292	288
292	289
292	330
292	354
292	386
292	405
292	451
293	43
293	64
293	82
293	128
293	132
293	140
293	208
293	228
293	232
293	314
293	322
293	418
293	497
294	10
294	19
294	48
294	52
294	53
294	64
294	65
294	74
294	135
294	152
294	200
294	228
294	235
294	251
294	299
294	322
294	324
294	329
294	338
294	502
295	0
295	14
295	16
295	93
295	128
295	133
295	185
295	202
295	274
295	321
295	336
295	385
296	0
296	9
296	33
296	37
296	38
296	41
296	49
296	54
296	66
296	80
296	96
296	98
296	133
296	154
296	213
296	214
296	259
296	279
296	291
296	346
296	352
296	421
296	457
297	6
297	8
297	10
297	37
297	48
297	124
297	133
297	173
297	176
297	179
297	198
297	218
297	220
297	272
297	322
297	416
298	12
298	19
298	33
298	65
298	88
298	178
298	197
298	252
298	288
298	290
298	305
298	440
299	88
299	138
299	166
299	310
300	14
300	18
300	32
300	34
300	53
300	88
300	117
300	129
300	141
300	236
300	294
300	459
300	472
301	4
301	34
301	50
301	66
301	129
301	135
301	259
301	312
301	326
301	336
301	339
301	452
301	460
302	24
302	73
302	117
302	178
302	189
302	282
302	332
302	391
302	400
303	16
303	158
303	418
304	0
304	5
304	23
304	25
304	58
304	91
304	141
304	145
304	152
304	153
304	164
304	206
304	218
304	272
304	352
304	384
304	429
304	430
305	0
305	2
305	3
305	5
305	8
305	14
305	84
305	102
305	116
305	118
305	165
305	309
305	322
305	362
305	416
306	2
306	33
306	66
306	76
306	118
306	160
306	198
306	204
306	264
306	282
306	321
306	362
306	396
306	489
307	26
307	32
307	62
307	102
307	130
307	136
307	256
307	268
307	272
307	306
307	332
307	373
308	1
308	9
308	64
308	66
308	85
308	154
308	164
308	228
308	283
308	308
308	386
308	465
308	481
309	6
309	11
309	56
309	89
309	97
309	137
309	140
309	200
309	244
309	296
309	301
309	348
310	0
310	4
310	39
310	42
310	49
310	73
310	92
310	121
310	128
310	265
310	268
310	333
310	457
311	40
311	64
311	69
311	209
312	0
312	1
312	5
312	6
312	16
312	20
312	21
312	33
312	48
312	74
312	128
312	133
312	450
312	463
313	0
313	5
313	22
313	64
313	121
313	212
313	219
313	265
313	292
314	0
314	1
314	48
314	64
314	128
314	160
314	210
314	484
315	140
315	263
315	316
315	352
316	37
316	59
316	96
316	102
316	128
316	325
316	352
317	59
317	130
317	216
317	275
317	298
317	325
317	400
317	458
318	134
318	320
318	364
319	25
319	138
319	348
319	430
320	4
320	8
320	12
320	37
320	38
320	98
320	130
320	136
320	137
320	198
320	199
320	219
320	257
320	277
320	290
320	301
320	309
320	358
320	393
320	401
320	408
320	456
320	458
320	464
320	480
320	486
321	33
321	35
321	38
321	44
321	45
321	54
321	75
321	82
321	96
321	182
321	195
321	309
321	384
321	453
321	455
322	4
322	8
322	16
322	23
322	29
322	82
322	112
322	129
322	200
322	321
322	345
322	352
322	353
322	387
322	426
323	5
323	32
323	36
323	136
323	138
323	257
323	276
323	386
323	480
324	17
324	28
324	39
324	41
324	60
324	64
324	128
324	136
324	146
324	161
324	176
324	177
324	256
324	275
324	288
324	297
324	321
325	2
325	9
325	24
325	36
325	41
325	50
325	58
325	69
325	105
325	137
325	192
325	211
325	254
325	259
325	272
325	304
325	345
325	426
325	481
326	0
326	6
326	67
326	74
326	76
326	104
326	136
326	148
326	248
326	269
326	348
326	403
326	412
326	465
327	3
327	44
327	60
327	144
327	244
327	321
327	323
327	345
327	385
327	401
327	448
328	47
328	140
328	149
328	194
328	201
328	218
328	241
328	266
328	273
328	288
328	324
328	349
328	352
328	408
328	409
328	443
328	507
329	0
329	18
329	32
329	102
329	108
329	138
329	163
329	232
329	240
329	259
329	295
329	320
329	420
329	482
330	2
330	25
330	32
330	139
330	144
330	146
330	200
330	204
330	257
330	321
330	354
330	436
331	8
331	179
331	256
331	262
331	408
331	480
332	2
332	54
332	101
332	131
332	138
332	160
332	200
332	204
332	211
332	225
332	268
332	282
332	290
332	294
333	3
333	26
333	36
333	39
333	52
333	128
333	130
333	166
333	212
333	216
333	289
333	309
333	316
333	451
334	22
334	162
335	11
335	22
335	129
335	172
335	177
335	204
336	5
336	12
336	22
336	110
336	124
336	130
336	160
336	166
336	199
336	224
336	239
336	242
336	265
336	293
336	294
336	324
336	337
336	397
336	417
337	8
337	12
337	20
337	24
337	48
337	50
337	76
337	352
337	394
337	430
337	480
338	5
338	12
338	21
338	22
338	24
338	25
338	49
338	73
338	80
338	124
338	259
338	314
338	341
338	351
338	478
339	4
339	115
339	146
339	190
339	205
339	312
340	3
340	6
340	19
340	44
340	133
340	141
340	152
340	199
340	222
340	390
341	3
341	4
341	18
341	47
341	136
341	192
341	196
341	238
341	291
341	292
341	296
341	330
341	338
341	465
342	3
342	4
342	10
342	37
342	88
342	242
342	258
342	272
342	420
342	488
343	24
343	72
343	235
343	376
343	464
344	5
344	100
344	132
344	144
344	195
344	289
344	307
345	26
345	41
345	50
345	74
345	89
345	110
345	134
345	137
345	160
345	162
345	227
345	312
345	473
346	1
346	23
346	26
346	36
346	44
346	60
346	61
346	68
346	72
346	140
346	168
346	180
346	301
346	332
346	400
347	43
347	100
347	132
348	41
348	44
348	78
348	130
348	144
348	154
348	189
348	257
348	284
348	370
349	19
349	20
349	105
349	139
349	276
350	0
350	33
350	84
350	135
350	146
350	192
351	0
351	256
351	258
351	274
351	297
351	322
352	1
352	4
352	6
352	11
352	16
352	21
352	33
352	46
352	68
352	69
352	73
352	96
352	112
352	161
352	164
352	188
352	210
352	227
352	232
352	276
352	286
352	290
352	292
352	298
352	341
353	2
353	8
353	17
353	34
353	66
353	73
353	112
353	113
353	154
353	158
353	189
353	312
353	392
353	402
354	8
354	10
354	17
354	92
354	116
354	208
354	264
354	280
354	320
354	344
354	348
354	360
354	384
354	421
354	457
355	14
355	32
355	50
355	55
355	66
355	112
355	116
355	205
355	355
355	468
355	482
355	511
356	2
356	10
356	22
356	25
356	40
356	72
356	80
356	102
356	129
356	184
356	204
356	248
356	258
356	284
356	292
356	449
357	0
357	53
357	105
357	153
357	174
357	180
357	232
357	274
357	342
358	32
358	128
358	136
358	150
358	167
358	208
358	290
358	451
359	282
360	2
360	16
360	20
360	28
360	33
360	38
360	48
360	57
360	58
360	62
360	87
360	125
360	162
360	256
360	259
360	283
360	288
360	320
360	321
360	323
360	328
360	418
360	472
361	0
361	1
361	72
361	180
361	195
361	199
361	260
361	274
361	278
361	313
361	341
361	416
362	6
362	8
362	72
362	145
362	158
362	197
362	200
362	289
362	320
362	386
362	454
363	0
363	100
363	139
363	306
363	420
364	20
364	33
364	58
364	219
364	247
364	286
366	0
366	21
366	81
366	128
366	384
366	385
366	416
367	57
367	192
367	340
368	0
368	3
368	9
368	131
368	162
368	200
368	258
368	277
368	297
368	327
368	340
368	368
368	384
368	402
368	433
369	2
369	11
369	12
369	65
369	260
369	289
369	448
370	65
370	69
370	72
370	106
370	256
370	268
371	21
371	51
371	192
371	194
371	289
371	394
371	401
371	455
372	0
372	1
372	4
372	22
372	52
372	80
372	146
372	155
372	220
372	240
372	352
372	488
373	2
373	13
373	90
373	96
373	97
374	5
374	12
374	353
375	64
375	288
376	16
376	20
376	22
376	80
376	87
376	133
376	161
376	210
376	272
376	288
376	289
376	336
376	419
376	440
377	9
377	65
377	160
377	164
377	199
377	269
377	341
377	385
377	390
378	116
378	264
378	389
378	416
379	37
379	130
379	132
379	325
379	422
379	448
380	1
380	5
380	13
380	20
380	66
380	138
380	160
380	171
380	201
380	261
380	320
380	340
381	128
381	162
381	208
382	0
382	33
382	128
383	2
383	326
383	388
383	432
384	15
384	17
384	25
384	35
384	51
384	61
384	74
384	81
384	86
384	92
384	109
384	112
384	145
384	151
384	152
384	161
384	176
384	186
384	195
384	226
384	253
384	280
384	281
384	304
384	310
384	346
384	349
384	354
384	384
384	386
385	2
385	17
385	36
385	48
385	62
385	72
385	134
385	140
385	196
385	204
385	208
385	272
385	289
385	308
385	345
385	357
385	364
385	378
385	420
385	448
385	472
386	2
386	16
386	27
386	37
386	49
386	58
386	69
386	70
386	78
386	147
386	160
386	185
386	196
386	198
386	258
386	270
386	274
386	378
386	448
386	464
387	26
387	34
387	48
387	56
387	64
387	72
387	81
387	83
387	86
387	90
387	112
387	132
387	136
387	142
387	144
387	182
387	244
387	280
387	324
387	392
388	6
388	13
388	17
388	21
388	28
388	41
388	64
388	67
388	68
388	104
388	137
388	140
388	155
388	194
388	232
388	256
388	277
388	289
388	294
388	306
388	311
388	321
388	322
388	357
388	358
388	417
388	454
389	1
389	33
389	46
389	75
389	86
389	129
389	132
389	136
389	142
389	192
389	339
389	352
389	398
389	432
390	4
390	16
390	24
390	31
390	33
390	41
390	50
390	71
390	161
390	190
390	226
390	265
390	280
390	443
390	451
390	472
390	504
391	72
391	96
391	105
391	134
391	173
391	176
391	272
391	295
391	345
391	377
391	501
392	7
392	17
392	20
392	41
392	42
392	50
392	52
392	64
392	72
392	76
392	131
392	137
392	148
392	177
392	263
392	323
392	429
393	2
393	4
393	16
393	36
393	52
393	56
393	75
393	78
393	80
393	133
393	226
393	258
393	268
393	272
393	306
393	359
394	30
394	32
394	34
394	73
394	112
394	136
394	166
394	260
394	264
394	359
394	386
394	387
395	4
395	17
395	22
395	83
395	104
395	116
395	213
395	226
395	345
395	444
396	1
396	10
396	20
396	25
396	51
396	82
396	132
396	176
396	205
396	224
396	240
396	270
396	290
396	308
396	407
396	482
397	0
397	1
397	3
397	4
397	32
397	72
397	195
397	379
397	448
397	499
398	29
398	41
398	68
398	81
398	310
398	405
398	483
399	33
399	64
399	160
400	0
400	2
400	5
400	16
400	17
400	18
400	29
400	36
400	41
400	49
400	65
400	82
400	98
400	135
400	138
400	146
400	155
400	178
400	195
400	261
400	265
400	266
400	288
401	21
401	22
401	34
401	62
401	72
401	77
401	161
401	230
401	294
401	304
401	305
401	324
401	344
401	352
401	384
402	0
402	1
402	4
402	32
402	88
402	100
402	108
402	128
402	135
402	140
402	188
402	265
402	288
402	326
402	353
402	394
402	408
403	56
403	132
403	169
403	258
403	320
403	324
404	2
404	71
404	72
404	186
404	256
404	276
404	281
404	357
404	386
404	394
404	484
405	7
405	20
405	40
405	42
405	48
405	69
405	84
405	267
405	284
405	332
406	12
406	35
406	56
406	80
406	128
406	226
406	288
406	289
406	364
406	416
406	453
406	461
407	12
407	108
408	2
408	27
408	82
408	105
408	130
408	150
408	251
408	320
409	33
409	66
409	105
409	140
409	178
409	231
409	232
409	384
410	181
410	308
410	356
410	385
410	464
411	301
412	0
412	38
412	65
412	81
412	120
412	128
412	197
412	217
412	289
412	330
412	393
413	8
413	168
413	256
413	314
413	322
414	0
414	4
414	10
414	36
414	192
414	267
414	297
414	353
414	392
415	194
415	243
415	354
416	1
416	11
416	33
416	65
416	66
416	134
416	148
416	190
416	193
416	246
416	354
416	373
417	14
417	40
417	87
417	138
417	164
417	178
417	231
417	257
417	280
417	321
417	373
417	444
418	44
418	89
418	130
418	236
418	282
418	312
418	404
418	421
419	16
419	38
419	52
419	56
419	74
419	116
419	137
419	145
419	202
419	268
419	292
419	365
419	425
419	494
420	5
420	16
420	36
420	73
420	128
420	152
420	196
420	240
420	288
420	291
421	180
421	232
421	245
421	323
421	396
421	470
422	28
422	85
422	130
422	140
422	146
422	187
422	224
422	232
422	256
422	330
422	416
422	448
423	24
423	88
423	218
423	264
424	0
424	2
424	17
424	37
424	41
424	88
424	230
424	304
424	310
424	416
424	448
425	0
425	6
425	17
425	34
425	50
425	70
425	100
425	138
425	272
425	295
425	339
425	448
425	504
426	5
426	28
426	67
426	68
426	87
426	113
426	247
426	345
426	449
427	106
427	298
428	1
428	5
428	18
428	39
428	128
428	140
428	178
428	189
428	228
428	295
428	334
429	0
429	3
429	8
429	26
429	75
429	232
429	352
429	438
430	36
430	136
430	198
430	213
430	264
431	16
431	48
431	280
431	387
432	0
432	4
432	16
432	17
432	34
432	57
432	64
432	165
432	166
432	195
432	215
432	280
432	283
432	295
432	298
432	336
432	384
432	385
432	394
432	404
433	12
433	24
433	55
433	72
433	128
433	136
433	163
433	233
433	265
433	288
433	325
433	326
434	4
434	26
434	72
434	107
434	128
434	258
434	348
434	410
434	451
435	0
435	25
435	70
435	105
435	128
435	131
435	196
435	206
435	268
435	346
435	456
435	490
436	32
436	49
436	56
436	64
436	154
436	231
436	258
436	290
436	312
436	422
437	1
437	68
437	101
437	152
437	270
437	294
437	358
437	457
438	16
438	17
438	57
438	68
438	83
438	106
438	153
439	39
439	88
439	161
439	328
439	472
440	2
440	10
440	134
440	147
440	204
440	392
440	426
441	3
441	4
441	8
441	41
441	67
441	69
441	159
441	284
441	399
442	21
442	58
442	60
442	272
443	80
443	210
444	37
444	96
444	265
444	290
444	334
445	5
445	16
445	198
446	26
446	37
446	86
446	90
446	128
446	146
446	285
446	416
447	197
448	2
448	16
448	40
448	58
448	101
448	128
448	129
448	143
448	188
448	258
448	266
448	288
448	299
448	326
448	358
448	365
448	389
448	396
448	481
448	500
449	28
449	50
449	80
449	89
449	104
449	302
449	362
449	367
450	17
450	42
450	53
450	73
450	129
450	162
450	163
450	214
450	224
450	273
450	284
450	324
450	329
450	348
451	21
451	50
451	55
451	70
451	120
451	151
451	242
451	256
451	298
451	418
451	420
451	452
452	7
452	31
452	34
452	71
452	122
452	132
452	148
452	153
452	160
452	161
452	163
452	209
452	264
452	286
453	8
453	51
453	65
453	88
453	103
453	144
453	145
453	204
453	207
453	258
453	274
453	320
453	373
453	376
453	388
453	458
454	1
454	5
454	8
454	16
454	27
454	36
454	46
454	68
454	129
454	138
454	212
454	342
454	362
454	441
455	8
455	22
455	29
455	37
455	232
455	313
455	316
455	367
455	385
456	0
456	2
456	23
456	42
456	64
456	71
456	82
456	128
456	139
456	168
456	213
456	268
456	302
456	369
456	416
456	448
457	56
457	136
457	202
457	246
458	4
458	28
458	33
458	45
458	52
458	104
458	257
458	283
459	23
459	28
459	33
459	35
459	37
459	57
459	294
459	352
459	489
460	58
460	76
460	136
460	176
460	228
460	329
460	433
461	2
461	5
461	33
461	36
461	66
461	130
461	210
461	282
461	424
462	10
462	178
462	180
462	256
462	376
463	200
464	9
464	34
464	36
464	51
464	128
464	130
464	181
464	183
464	256
464	258
464	259
464	260
464	275
464	289
464	315
464	325
464	462
464	480
465	1
465	124
465	266
465	330
466	9
466	16
466	25
466	68
466	104
466	159
466	231
466	240
466	290
466	294
467	8
467	129
467	144
467	173
467	192
468	27
468	34
468	49
468	64
468	70
468	121
468	128
468	134
469	64
469	272
469	450
470	20
470	177
470	257
470	262
470	389
470	456
471	16
471	94
471	146
471	155
471	402
472	1
472	10
472	32
472	33
472	81
472	91
472	97
472	155
472	193
472	203
472	260
472	281
473	5
473	9
473	14
473	20
473	92
473	112
473	156
473	202
473	260
473	415
474	5
474	72
474	102
474	118
474	258
474	260
474	266
474	279
474	307
475	2
475	166
475	289
476	10
476	19
476	104
476	194
476	290
477	496
478	32
478	142
478	193
478	232
478	266
479	149
480	7
480	26
480	55
480	142
480	321
480	348
480	373
480	436
480	459
481	10
481	19
481	20
481	40
481	48
481	82
481	89
481	92
481	132
481	212
481	256
481	297
481	309
481	481
482	1
482	53
482	65
482	128
482	134
482	212
482	256
482	264
482	314
482	424
483	8
483	341
483	434
484	1
484	15
484	16
484	136
484	137
484	203
484	472
485	0
485	2
485	8
485	28
485	192
485	316
485	384
485	392
485	401
486	0
486	4
486	64
486	76
486	427
486	476
487	24
487	26
487	86
488	10
488	17
488	42
488	82
488	132
488	152
488	183
488	341
488	349
489	65
489	82
489	128
489	133
489	139
489	221
489	358
490	1
490	107
490	130
490	156
491	0
491	4
491	77
491	176
491	196
491	324
492	3
492	38
492	73
492	96
492	326
492	396
492	423
493	0
493	66
493	82
494	32
494	128
494	291
494	499
495	0
495	21
495	34
495	129
495	193
495	260
495	270
495	292
495	319
495	402
496	32
496	130
496	138
496	160
496	180
496	408
497	17
497	216
497	258
498	12
498	20
498	66
498	151
498	181
498	203
498	280
498	391
499	52
499	98
499	288
500	73
500	84
500	99
500	134
500	176
500	256
500	262
501	44
501	227
501	243
501	424
502	6
502	96
503	208
503	294
503	328
504	48
504	64
504	97
504	158
504	357
504	506
505	8
505	38
506	1
506	4
506	52
506	260
507	50
507	257
507	396
508	0
508	2
508	148
508	356
509	18
509	33
510	4
511	130
511	291
