# Directed graph: ./../../../kronecker_graph_dolphins_4096.txt 
# Kronecker Graph: seed matrix [0.9284 0.5276; 0.5233 0.0759]
# Nodes: 4096 Edges: 5678
# FromNodeId	ToNodeId
0	8
0	12
0	17
0	19
0	32
0	48
0	85
0	93
0	130
0	132
0	180
0	208
0	265
0	280
0	304
0	322
0	340
0	374
0	385
0	387
0	392
0	446
0	517
0	524
0	525
0	538
0	544
0	584
0	593
0	642
0	690
0	716
0	727
0	773
0	781
0	819
0	854
0	1025
0	1032
0	1041
0	1080
0	1104
0	1136
0	1144
0	1160
0	1210
0	1227
0	1250
0	1272
0	1280
0	1288
0	1289
0	1345
0	1381
0	1400
0	1423
0	1496
0	1536
0	1571
0	1586
0	1672
0	1809
0	1952
0	2050
0	2051
0	2055
0	2148
0	2151
0	2224
0	2240
0	2311
0	2352
0	2565
0	2569
0	2779
0	2786
0	2795
0	2821
0	3008
0	3073
0	3205
0	3265
0	3320
0	3383
0	3480
0	3584
0	3608
0	3621
0	3713
0	3929
0	4053
1	10
1	24
1	41
1	104
1	128
1	202
1	336
1	373
1	391
1	394
1	449
1	518
1	520
1	656
1	912
1	1032
1	1080
1	1106
1	1172
1	1184
1	1190
1	1280
1	1568
1	1832
1	2066
1	2160
1	2180
1	2322
1	2373
1	2436
1	2448
1	2454
1	2624
1	2826
1	3336
1	3392
1	3608
1	3688
1	4068
2	80
2	88
2	108
2	137
2	170
2	288
2	369
2	370
2	420
2	428
2	464
2	536
2	596
2	648
2	793
2	856
2	897
2	1033
2	1090
2	1096
2	1249
2	1492
2	1577
2	1676
2	1696
2	1856
2	2086
2	2105
2	2240
2	2337
2	2341
2	2612
2	2656
2	2789
2	2948
2	3168
2	3400
2	3593
2	3603
2	3844
2	3953
3	20
3	40
3	212
3	580
3	1120
3	1556
3	2176
3	2244
3	3016
3	3044
4	0
4	16
4	48
4	61
4	89
4	128
4	192
4	195
4	283
4	449
4	531
4	555
4	632
4	673
4	779
4	1026
4	1090
4	1120
4	1162
4	1186
4	1256
4	1348
4	1540
4	1568
4	1572
4	2048
4	2090
4	2338
4	2627
4	2694
4	2833
4	2977
4	3104
4	3312
4	3331
4	3668
4	3717
4	3986
5	0
5	8
5	192
5	224
5	256
5	274
5	570
5	608
5	640
5	1424
5	1448
5	1688
5	2055
5	2099
5	2118
5	2320
5	2360
5	2624
5	2626
5	3115
5	3600
5	3774
5	4018
6	8
6	73
6	113
6	128
6	152
6	275
6	680
6	768
6	1097
6	1328
6	1840
6	2209
6	2570
6	2576
6	2915
6	2944
6	2984
6	3988
7	33
7	200
7	1128
7	1152
7	1696
7	3130
7	3200
8	4
8	32
8	80
8	133
8	144
8	208
8	225
8	276
8	293
8	308
8	352
8	496
8	513
8	517
8	630
8	648
8	816
8	1076
8	1156
8	1541
8	1584
8	1682
8	2052
8	2103
8	2112
8	2215
8	2400
8	2450
8	2465
8	2562
8	2577
8	2600
8	2752
8	2817
8	2818
8	2897
8	3188
8	3365
8	3605
8	3744
9	0
9	2
9	18
9	70
9	182
9	262
9	629
9	768
9	1152
9	1217
9	1445
9	1557
9	2196
9	2416
9	2434
9	2820
9	3144
9	3826
10	277
10	769
10	784
10	1248
10	2081
10	2213
10	2337
10	2805
10	2820
10	2851
11	68
11	1116
11	3329
11	3840
12	68
12	72
12	117
12	120
12	161
12	179
12	234
12	291
12	307
12	352
12	1088
12	1505
12	1570
12	1915
12	2104
12	2305
12	2517
12	2835
12	2849
12	3076
12	3235
12	3360
12	3538
12	3609
13	196
13	912
13	1379
14	272
14	768
14	1136
14	2129
14	2176
14	2785
14	2896
14	3104
15	66
15	529
15	2538
16	4
16	33
16	34
16	46
16	96
16	134
16	261
16	453
16	512
16	516
16	546
16	594
16	668
16	768
16	773
16	833
16	864
16	920
16	1031
16	1042
16	1045
16	1058
16	1118
16	1129
16	1186
16	1221
16	1280
16	1287
16	1321
16	1324
16	1410
16	1453
16	1636
16	1697
16	1728
16	2126
16	2410
16	2413
16	2700
16	2768
16	2822
16	2824
16	2858
16	3145
16	3216
16	3276
16	3484
16	3588
17	84
17	268
17	326
17	1536
17	2448
17	2560
17	2868
17	3328
18	136
18	192
18	548
18	640
18	800
18	1544
18	2816
18	2896
18	3597
19	516
19	1280
19	1596
19	2438
19	2464
19	2868
19	3168
19	3328
20	768
20	1024
20	1153
20	1154
20	1537
20	1710
20	2385
20	2400
20	3883
21	138
21	210
21	290
21	810
21	1216
21	2090
22	4
22	104
22	177
22	257
22	320
22	321
22	864
22	1024
22	1833
22	2225
22	2241
23	1096
23	2176
24	131
24	454
24	676
24	1098
24	1730
24	2176
24	2215
24	2272
24	2432
24	3203
24	3206
24	3489
24	3618
25	88
25	549
25	838
25	1312
25	2786
26	931
26	1280
26	1281
26	2052
27	785
28	713
28	898
28	993
28	1479
28	2112
28	2176
29	96
29	1026
29	2816
30	3520
31	200
31	948
31	1280
32	6
32	14
32	86
32	139
32	144
32	222
32	264
32	320
32	518
32	541
32	781
32	1038
32	1220
32	1281
32	1526
32	1542
32	1546
32	1881
32	2053
32	2054
32	2112
32	2120
32	2306
32	2311
32	2320
32	2392
32	2432
32	2779
32	2831
32	2985
32	3206
32	3456
33	0
33	64
33	76
33	280
33	520
33	584
33	820
33	1092
33	1368
33	1552
33	2052
33	2818
33	2960
33	3076
33	3080
33	3139
34	4
34	12
34	64
34	73
34	130
34	1037
34	1169
34	1826
34	1936
34	2120
34	2129
34	2149
34	2216
34	2284
34	2312
34	2560
34	2688
34	2705
34	3908
35	102
35	176
35	904
35	1159
35	1352
35	2560
35	3072
36	66
36	261
36	263
36	515
36	640
36	803
36	1152
36	1441
36	2369
36	3156
36	3778
36	4037
37	528
38	1867
38	1929
38	2496
39	281
40	68
40	388
40	516
40	651
40	1026
40	1090
40	1472
40	1670
40	1906
40	2072
40	2097
40	2192
40	2566
40	2848
40	3076
41	272
41	860
41	1043
41	1148
41	1152
41	1926
42	0
42	1796
42	2516
42	2832
42	3584
43	322
43	800
43	1024
43	2756
44	650
44	1026
44	1043
44	1799
44	2243
45	20
45	28
45	64
45	258
45	340
45	400
45	1554
45	2756
45	3162
46	2048
47	1104
48	76
48	219
48	605
48	901
48	1806
48	2048
48	2624
48	2926
48	3269
48	3658
49	2368
50	9
50	841
50	1161
50	1551
50	2049
50	2113
50	2621
50	2660
50	3136
51	480
51	524
52	193
52	328
52	517
52	595
52	1024
52	1026
52	1544
53	2
53	2048
53	2184
53	2452
53	2634
54	3392
55	1540
56	22
56	66
56	641
56	1025
56	1030
56	1920
56	2113
57	6
57	270
57	386
57	1920
58	260
59	1536
60	1360
60	2178
61	266
62	3
62	17
62	579
62	1344
62	2048
62	3072
62	3137
63	3136
64	32
64	56
64	133
64	259
64	306
64	512
64	543
64	566
64	582
64	664
64	809
64	1033
64	1312
64	1355
64	1424
64	1537
64	1547
64	1722
64	1928
64	1956
64	2066
64	2068
64	2071
64	2096
64	2252
64	2436
64	2464
64	2594
64	2835
64	3216
64	3252
64	3852
64	4072
65	160
65	290
65	562
65	771
65	924
65	1156
65	1418
65	1574
65	1840
65	1858
65	2050
65	2180
65	2403
65	3074
65	3473
65	3620
66	29
66	45
66	52
66	232
66	260
66	261
66	264
66	609
66	640
66	672
66	1301
66	1720
66	1928
66	2593
66	2628
66	2652
66	3121
66	3585
67	40
67	908
67	1189
67	1860
67	2098
67	2212
67	2406
67	2953
67	3200
67	3345
68	128
68	152
68	256
68	1040
68	1058
68	1067
68	1288
68	1307
68	1560
68	1858
68	2208
68	2320
68	3121
68	3682
68	3721
69	27
69	144
69	768
69	776
69	896
69	1411
69	1536
69	2728
69	3584
70	235
70	401
70	1873
70	1920
70	2048
70	2305
70	2468
70	3208
70	3561
70	3872
71	315
71	800
72	486
72	512
72	518
72	811
72	1060
72	1183
72	2114
72	2432
72	2596
72	2871
72	3042
72	3137
72	3746
73	288
73	516
73	1600
73	1719
73	1953
74	277
74	517
74	541
74	660
74	1088
74	1157
74	1536
74	1540
74	2193
75	896
75	1715
75	3464
75	3748
76	384
76	673
76	784
76	1554
76	2049
76	2064
76	2305
77	1
77	256
77	265
77	802
77	1930
77	2560
78	273
78	2053
79	176
79	592
80	0
80	172
80	273
80	290
80	897
80	928
80	1158
80	1200
80	1555
80	1568
80	2057
80	2725
80	3718
80	3723
80	3749
81	4
81	386
81	524
81	808
82	264
82	392
82	584
82	780
82	900
82	1048
82	1065
82	1445
82	1544
82	2689
82	3968
83	28
83	40
83	264
83	2052
83	2084
84	144
84	3074
85	776
85	3456
86	69
86	1191
86	2112
87	1176
87	1935
88	0
88	514
88	1283
88	1730
88	2176
88	2304
88	2562
88	3108
88	3745
89	1937
90	0
90	3588
91	2208
92	3968
94	2048
94	3587
96	132
96	256
96	513
96	787
96	1028
96	1044
96	1830
96	2056
96	2579
96	2707
96	2826
96	3154
96	3738
96	3877
97	129
97	1034
97	1581
97	2048
97	3202
98	0
98	4
98	393
98	1037
98	2829
98	3089
99	1282
99	1664
100	9
100	2744
101	17
101	1282
101	1409
102	790
104	1
104	1154
104	1156
104	1698
104	2691
104	3333
105	256
105	772
106	129
106	1024
106	1093
108	450
108	1120
108	2050
108	2053
108	2074
109	1
109	1680
110	640
112	417
112	2049
113	194
113	1088
114	693
116	264
116	386
117	3330
118	2560
118	3073
120	460
120	1552
121	16
121	3204
122	1025
122	3712
128	0
128	10
128	17
128	44
128	51
128	64
128	112
128	145
128	167
128	264
128	299
128	376
128	516
128	517
128	541
128	561
128	570
128	633
128	646
128	768
128	801
128	837
128	1041
128	1046
128	1058
128	1304
128	1330
128	1376
128	1560
128	1800
128	2076
128	2099
128	2569
128	2609
128	2725
128	2832
128	3121
128	3320
129	1
129	136
129	322
129	454
129	770
129	1028
129	1032
129	1121
129	1146
129	1540
129	2060
129	2470
129	2584
129	3112
130	28
130	40
130	42
130	89
130	320
130	680
130	776
130	813
130	1031
130	1140
130	1156
130	1288
130	1424
130	1537
130	1888
131	0
131	526
131	2100
131	2305
131	2332
131	2976
131	3404
132	93
132	143
132	539
132	546
132	788
132	1041
132	1601
132	1616
132	1809
132	1921
132	2048
132	2114
132	2323
132	2468
132	2576
132	3112
132	3864
133	98
133	1408
133	2570
133	3074
134	24
134	312
134	836
134	1024
134	1602
134	2057
134	2113
134	2632
134	2818
134	2921
134	3144
135	1105
135	2816
135	3377
135	3920
136	32
136	33
136	64
136	80
136	245
136	262
136	612
136	772
136	789
136	1216
136	2599
136	3447
137	2
137	101
137	104
137	256
137	272
137	1288
137	1538
137	2817
138	548
138	769
138	1088
138	1608
138	3105
138	3952
139	1042
139	1128
139	3472
140	69
140	294
140	513
140	568
140	816
140	1593
140	2145
140	3600
141	1570
142	32
142	337
142	2100
144	41
144	64
144	204
144	514
144	1058
144	1152
144	1554
144	1792
144	1897
144	2048
144	2314
144	2828
144	3397
144	3589
144	3705
144	3914
145	14
145	716
145	2328
145	3480
145	3618
146	0
146	4
146	64
146	172
146	2067
146	2637
146	3020
146	3232
146	3328
146	3624
147	72
147	1092
147	2564
147	2824
148	57
148	544
148	2049
148	2305
148	3168
148	3178
149	1060
149	1608
149	2050
150	1344
150	1345
152	1761
152	2373
153	100
153	1152
153	1636
153	2114
153	3846
154	1029
154	2657
156	3
156	577
156	1097
156	3585
158	2065
160	64
160	76
160	86
160	275
160	320
160	384
160	571
160	748
160	1034
160	1050
160	1060
160	1111
160	1808
160	2106
160	2387
160	2496
160	2628
160	2842
161	149
161	262
161	2112
162	516
162	552
162	576
162	593
162	1309
162	1604
162	2333
162	2344
162	2817
162	3620
163	320
163	1088
164	82
164	283
164	1048
164	1056
164	1536
164	1816
164	3160
164	3659
164	3682
165	8
165	2418
166	64
166	1313
168	1025
168	1573
168	1823
168	2325
168	2326
168	2385
168	3602
169	82
169	512
169	3960
171	788
171	1536
172	580
174	272
174	3664
176	523
176	524
176	545
176	769
176	839
176	1025
176	2049
176	2062
176	2114
177	1160
178	8
178	12
178	768
178	2676
181	24
181	72
181	256
181	768
182	1672
182	2886
184	65
184	256
184	2833
185	4
185	2054
185	3076
190	1
192	860
192	1029
192	1174
192	2064
192	2176
192	2307
192	3010
192	3109
192	3123
192	3152
192	3601
193	193
193	336
193	1280
193	1920
193	2048
193	2056
193	3376
194	145
194	384
194	790
194	1024
194	1029
194	1033
194	1060
195	288
196	0
196	264
196	1058
196	1291
196	2306
196	2357
196	3074
196	3184
197	1032
197	2825
197	3074
198	1280
198	2050
199	16
200	16
200	33
200	86
200	256
200	295
200	517
200	1075
200	1089
200	1321
200	1848
201	768
201	1408
201	2164
201	3344
202	23
202	789
202	1040
202	1412
202	1459
202	2065
204	769
204	1312
204	2071
204	2592
205	0
205	1280
205	3890
207	1057
208	224
208	258
208	1062
208	1539
208	2194
208	2568
208	2657
210	265
210	1068
210	2058
210	2318
210	2848
211	2056
211	2598
211	3152
212	2176
214	1288
214	2057
214	2152
216	768
217	2661
218	192
219	324
220	1032
220	3137
220	3875
221	1290
224	1180
224	2072
225	1024
225	3632
226	3360
227	772
228	1865
230	1024
230	2577
230	3109
231	1280
231	3337
232	1029
232	3168
236	520
236	2840
240	12
240	578
242	3072
248	3840
249	256
253	1
255	2240
256	2
256	39
256	61
256	66
256	96
256	103
256	144
256	211
256	546
256	616
256	647
256	656
256	713
256	776
256	1050
256	1060
256	1083
256	1154
256	1232
256	1288
256	1604
256	1641
256	1664
256	1793
256	1795
256	2139
256	2476
256	2720
256	2913
256	3180
256	3344
256	3652
256	3978
257	5
257	14
257	34
257	38
257	72
257	208
257	210
257	588
257	617
257	1032
257	1033
257	1060
257	1082
257	1730
257	2105
257	2208
257	2330
257	2632
258	48
258	89
258	105
258	128
258	265
258	552
258	573
258	641
258	1032
258	1280
258	1537
258	1548
258	1553
258	1602
258	2052
258	2098
258	2156
258	2696
258	2709
258	3236
259	4
259	68
259	96
259	648
259	2560
259	2752
259	3204
260	68
260	195
260	405
260	538
260	633
260	1046
260	1808
260	2080
260	2721
260	3169
260	3800
261	32
261	52
261	97
261	640
261	1090
261	1096
261	2266
262	392
262	785
262	1169
262	2720
263	1450
263	2072
263	2112
263	3216
264	1
264	69
264	608
264	658
264	1552
264	1588
264	2114
264	2587
264	2595
264	3143
264	3619
264	3770
265	6
265	38
265	1088
265	2179
265	3204
266	81
266	513
266	644
266	679
266	1540
266	1602
266	3684
267	803
267	1376
267	1684
268	65
268	128
268	130
268	531
268	641
268	1024
268	1030
268	1032
268	1040
268	1779
268	2178
268	3808
269	2272
269	3176
270	1041
270	2564
271	16
271	3364
272	6
272	137
272	169
272	204
272	1228
272	1282
272	1705
272	2048
272	2050
272	2052
272	2120
272	2182
272	2196
272	2374
272	2581
272	3272
272	3363
273	1062
273	3306
274	553
274	1352
274	2368
274	3792
275	1088
275	1152
275	2580
275	2720
275	3296
276	1
276	522
276	1033
276	2058
276	2073
276	2304
276	2592
276	3264
276	3932
277	226
278	360
279	1250
280	32
280	481
280	582
280	1059
280	2085
280	2144
280	2180
280	2560
281	7
281	388
281	1186
282	2242
282	3648
283	2052
283	2272
283	3073
284	1088
284	1237
286	145
288	86
288	145
288	209
288	512
288	591
288	1604
288	1667
288	1810
288	2310
288	2582
288	2591
288	2976
288	3074
289	2
289	40
289	82
289	432
289	520
289	1088
289	1770
289	2090
289	2572
289	2784
289	3756
290	65
290	392
290	652
290	1540
290	2582
290	3073
290	3204
291	72
291	1224
291	1600
292	1024
292	1170
292	2184
292	2449
292	3792
293	49
293	641
293	2266
294	128
294	385
294	536
295	2562
296	21
296	290
296	390
296	662
296	1036
296	2240
296	2560
296	3076
297	1673
298	132
299	704
300	128
301	676
301	1616
302	2176
304	2
304	1088
304	1240
304	3589
304	3725
305	578
305	1024
306	131
306	2212
306	3085
306	3140
307	8
307	12
307	32
307	1504
307	3652
308	408
308	642
308	3073
309	138
311	192
311	2568
312	597
312	1220
313	1566
314	68
314	133
314	134
317	2064
319	202
319	1032
320	0
320	36
320	128
320	137
320	173
320	264
320	513
320	550
320	551
320	650
320	662
320	1057
320	1180
320	2248
320	2572
320	2600
320	3188
320	3202
321	14
321	28
321	128
321	260
321	544
321	1060
321	1920
321	2056
321	2729
322	524
322	596
322	944
322	1029
322	1536
322	1553
322	2089
322	2732
322	3226
322	3665
323	16
324	538
325	1040
325	2120
325	2192
325	2722
325	3128
326	2128
326	3590
326	3617
327	1664
328	150
328	1026
328	1171
328	1671
328	2578
328	3344
329	136
329	770
329	1056
330	544
330	3721
332	644
332	1073
332	3777
333	112
334	64
334	2051
336	225
336	1186
336	1619
336	1825
336	2061
336	2127
336	3592
337	0
337	52
337	64
337	68
337	1194
338	4
338	2720
340	1056
340	2064
341	1091
341	1746
341	3112
343	512
345	32
345	520
345	2608
346	32
346	1028
346	3841
348	2185
350	2049
352	169
352	2059
352	2200
352	2561
352	2697
353	0
353	3720
354	1538
354	2054
356	2
357	18
357	518
358	2712
359	128
359	2304
360	1024
360	3602
364	2
365	3604
366	2048
368	14
368	2594
370	130
370	524
371	520
372	1678
372	1800
377	2688
380	144
381	902
384	20
384	26
384	57
384	161
384	525
384	562
384	1041
384	1059
384	1110
384	1136
384	1268
384	1673
384	1825
384	2176
384	2243
384	2626
384	3076
384	3137
384	3139
384	3596
385	82
385	546
385	1040
385	1042
385	1473
385	2752
386	97
386	561
386	1028
386	2575
386	2874
386	3108
387	552
388	1161
388	1568
388	2064
388	2082
388	2089
388	2232
389	26
389	592
390	2208
390	2900
392	35
392	41
392	193
392	800
392	1026
392	1058
392	2069
392	2580
392	2624
392	2658
392	3089
392	3649
393	0
393	68
393	228
393	2116
393	2672
394	2112
396	19
396	33
396	1043
396	1153
400	107
400	597
400	617
400	1026
400	1056
400	1347
400	2083
400	3128
401	514
401	2117
401	3301
401	3654
402	517
402	2049
402	2165
402	2384
402	3137
403	2664
404	10
404	1288
404	3169
407	3113
408	516
408	1027
408	2054
409	1542
410	2080
412	2049
413	1568
416	7
416	11
416	39
416	1040
416	1538
416	1548
416	2065
416	3073
416	3154
416	3355
416	3584
416	3713
417	1542
417	1568
418	472
418	2380
418	2596
420	2065
420	2259
420	2274
420	2374
421	8
421	128
422	1047
422	2161
422	3136
423	1537
425	1546
430	64
431	68
432	208
432	524
432	544
432	2309
433	0
433	598
434	6
436	585
436	842
440	0
441	2645
444	391
448	57
448	512
448	1029
448	1537
448	2080
448	2161
448	3083
449	32
449	2567
450	1061
450	1540
452	290
453	1032
454	552
454	1072
454	1159
457	534
457	1088
458	1024
460	544
460	2162
460	2561
462	2336
464	2339
464	2850
466	512
466	3330
467	1156
468	777
468	2081
468	3622
469	2344
472	38
472	2050
474	2082
477	2066
480	530
480	1096
481	1068
484	529
484	2081
485	520
492	1030
494	2064
496	3640
497	0
500	520
500	578
501	1536
512	6
512	16
512	24
512	37
512	38
512	40
512	119
512	142
512	144
512	145
512	156
512	209
512	277
512	282
512	313
512	396
512	519
512	1065
512	1088
512	1106
512	1200
512	1218
512	1316
512	1348
512	1810
512	2066
512	2119
512	2185
512	2190
512	2208
512	2314
512	2709
512	3186
512	3265
512	3552
513	34
513	61
513	64
513	80
513	144
513	196
513	272
513	337
513	1036
513	1378
513	2498
513	3144
513	3179
513	3268
514	0
514	12
514	64
514	312
514	320
514	384
514	392
514	520
514	849
514	1168
514	1216
514	1312
514	1377
514	1932
514	2183
514	2279
514	2292
514	3077
515	13
515	74
515	290
515	292
515	769
515	1184
515	1217
515	2076
515	2412
515	3072
515	3312
516	8
516	28
516	33
516	37
516	137
516	232
516	1146
516	1315
516	1330
516	1481
516	2065
516	2186
516	2281
516	3106
516	3201
516	3409
517	106
517	181
517	395
517	1050
517	2348
518	49
518	320
518	346
518	2328
518	2594
518	3360
519	9
519	210
519	1116
519	1249
519	1446
519	2073
520	4
520	44
520	64
520	96
520	296
520	353
520	449
520	1030
520	1058
520	1169
520	1440
520	2050
520	2179
520	2226
520	2323
520	3397
521	34
521	64
521	325
521	1094
522	343
522	545
522	1185
522	2052
522	2080
522	2400
523	50
523	2208
523	2886
524	2130
524	2721
524	2880
524	3313
525	2112
527	2506
528	2
528	11
528	44
528	285
528	408
528	456
528	517
528	768
528	1165
528	1333
528	1345
528	2181
528	2265
528	2368
528	2881
528	3392
529	2
529	461
529	1476
529	2123
529	2180
529	2465
529	2472
529	3400
530	5
530	98
530	296
530	304
530	2080
530	2081
530	2197
530	2372
530	2761
530	2816
530	3107
531	168
532	153
532	352
532	577
532	1280
532	2088
532	2657
533	288
533	578
533	2050
533	2369
533	3232
534	2
534	65
534	1050
534	1536
534	1601
534	3216
535	452
535	964
536	36
536	66
536	990
536	1026
536	1664
536	2089
536	2311
538	257
539	3104
540	2177
542	2208
542	3072
544	52
544	56
544	152
544	256
544	450
544	540
544	563
544	595
544	914
544	1187
544	2217
544	2304
544	2327
544	2410
544	3134
545	64
545	128
545	276
545	1288
545	3155
546	20
546	1024
546	1153
546	1176
546	2072
546	2336
547	2176
547	3328
548	82
548	363
548	672
548	1113
548	1282
548	3121
548	3866
549	26
549	66
549	272
549	1290
550	0
550	1170
550	1282
550	2185
551	1137
551	2113
552	6
552	1088
552	1428
552	2387
552	3120
552	3216
553	453
553	1092
554	256
554	3584
555	1285
555	2076
556	2374
556	3264
557	1090
558	3348
558	3523
560	20
560	69
560	1029
560	2176
560	3072
560	3203
561	196
562	72
562	716
562	2310
562	2434
562	2825
564	194
564	513
564	641
564	1376
567	256
570	1152
572	258
576	15
576	33
576	138
576	148
576	307
576	394
576	449
576	1071
576	1297
576	1567
576	2060
576	2070
576	2192
576	2336
576	3072
576	3328
577	18
577	24
577	31
577	152
577	448
577	1024
577	1276
577	2664
577	2692
577	3112
577	3342
578	272
578	416
578	427
578	1130
578	1200
578	1724
578	2064
578	2080
578	3329
579	64
579	1612
580	16
580	130
580	144
580	2056
580	2073
580	3202
581	520
581	2066
582	1025
582	1312
582	2185
583	3216
584	23
584	305
584	1090
584	1296
584	2049
584	2052
584	2097
584	2176
584	2193
584	2308
585	2435
585	3091
586	1036
587	256
588	1028
588	2320
588	3458
589	32
592	1028
592	1166
592	1280
592	1839
592	3105
593	130
593	1674
594	265
594	3204
596	1122
596	1577
596	3848
597	2
597	256
598	201
598	2051
600	172
600	1049
600	1313
600	1348
600	2945
600	3381
604	2305
605	2466
608	0
608	2
608	84
608	518
608	555
608	1024
608	1288
608	1408
608	1413
608	1728
608	3088
608	3092
610	1041
610	1416
611	0
612	489
613	528
614	2225
614	3137
616	0
616	66
616	1060
616	1282
616	2067
616	3345
617	2083
618	9
622	448
624	397
624	3456
626	1346
626	2049
627	1
628	258
628	2072
630	3081
632	3462
633	6
634	2442
640	11
640	64
640	130
640	1109
640	1128
640	2090
640	2131
640	2314
640	2732
640	3142
640	3206
640	3432
641	392
641	528
641	1294
641	1322
641	2066
641	2092
641	2164
641	2306
642	22
642	32
642	84
642	360
642	1078
642	1912
642	2125
642	2228
642	3073
642	3444
644	1904
644	2320
645	12
645	1042
647	2064
649	160
649	1138
649	2051
649	2832
650	2162
650	2305
652	81
653	3360
654	1090
655	2624
656	73
656	265
656	289
656	295
656	330
656	2368
657	12
657	1062
657	2372
657	2561
657	3392
658	4
658	320
658	3084
659	12
659	3072
659	3332
659	3668
660	364
660	1061
660	1330
660	1347
660	2338
661	19
662	1032
663	320
664	2132
665	2752
666	3140
667	2404
672	5
672	280
672	1050
672	2048
673	72
673	2120
674	513
674	2060
674	3081
676	281
676	1050
676	1121
676	2122
676	3073
677	3138
678	1033
678	2250
680	16
680	337
681	2116
682	256
682	1556
682	2257
682	3142
682	3344
684	1026
684	2305
684	2819
688	1051
690	1289
692	72
692	1089
692	2888
696	1090
698	2336
704	32
704	295
704	1296
704	1329
704	2314
704	2568
706	256
706	2078
706	2109
707	1177
708	8
708	291
708	1565
708	2432
709	1
711	54
712	1040
714	257
718	32
720	1060
720	2304
721	1024
722	1040
723	5
724	319
725	172
726	1024
726	2080
726	3465
729	2052
736	1168
737	1288
740	784
741	3080
742	2069
744	2643
749	288
752	261
752	452
753	520
757	0
768	67
768	131
768	1100
768	2612
768	3121
768	3216
768	3275
768	3295
769	1026
769	1028
769	2132
769	2178
770	80
770	1056
770	1088
770	1333
770	1421
770	1736
770	2062
770	2065
770	2125
770	2160
770	2416
770	2560
770	2761
770	3364
771	264
771	964
772	72
772	642
772	1147
772	2059
772	2113
773	208
773	1064
774	1136
774	2700
775	209
775	1545
775	1608
775	2148
776	8
776	17
776	22
776	60
776	68
776	137
776	144
776	384
776	1024
776	2072
776	2618
776	2640
776	3138
777	1024
777	1218
778	81
778	516
778	2161
778	3201
780	1024
780	2053
780	2064
780	3106
780	3778
781	1120
781	1290
784	1026
784	1029
784	1153
784	1516
784	2123
784	2212
784	3072
785	418
785	2786
786	102
786	168
786	1032
787	1028
788	201
788	2113
788	3099
789	3193
789	3275
790	320
792	52
792	68
792	2182
792	2498
792	2565
793	2114
796	1122
797	642
799	160
800	3
800	136
800	388
800	705
800	3152
801	212
801	1154
801	2116
801	3074
801	3148
802	1032
802	2177
804	1320
807	2112
808	83
808	256
808	515
808	1543
808	2049
808	2116
808	2177
808	3076
809	208
809	2692
814	1552
816	1
816	8
816	36
816	70
816	1157
816	2180
816	3073
818	1344
824	4
824	1028
825	65
832	7
832	27
832	149
832	172
832	256
832	376
832	1100
832	2198
832	2611
832	3403
833	30
833	35
833	1087
833	2106
834	3097
834	3200
837	2522
838	18
839	2089
840	2048
841	162
844	152
844	256
844	1058
844	2179
848	9
848	40
848	1030
848	1321
848	2183
851	2052
851	2080
852	289
852	1408
852	2208
852	3123
857	0
857	1111
859	2080
860	1024
866	192
866	532
866	2264
868	1024
868	1028
872	1024
874	2144
874	3200
878	1024
880	1
880	1026
881	1156
883	3073
884	2563
896	3085
896	3099
896	3109
897	515
897	540
897	2112
897	2130
898	36
898	84
898	240
898	1589
900	1131
900	2080
900	2091
900	2112
900	2360
901	72
902	65
902	192
902	356
902	1048
904	1
904	53
904	103
904	624
904	1030
904	1045
904	1344
904	1380
905	1067
905	2052
906	16
906	2115
908	22
909	0
909	2096
912	32
913	34
913	3090
915	428
918	194
918	1064
919	97
920	2081
923	786
924	80
924	3083
927	2688
928	129
929	84
933	448
936	1280
941	1044
942	2096
944	516
950	3081
965	56
968	64
968	298
974	2177
976	1066
977	2088
985	1026
988	3097
992	2574
992	2705
993	2074
996	1034
1000	1024
1020	1
1024	10
1024	14
1024	36
1024	67
1024	80
1024	84
1024	97
1024	148
1024	152
1024	178
1024	201
1024	257
1024	276
1024	280
1024	298
1024	301
1024	450
1024	468
1024	550
1024	595
1024	658
1024	713
1024	752
1024	864
1024	985
1024	1033
1024	1539
1024	1796
1024	2062
1024	2064
1024	2065
1024	2087
1024	2154
1024	2265
1024	2274
1024	2475
1024	2566
1024	2576
1024	2596
1024	2789
1024	2946
1024	3313
1024	3428
1024	4067
1025	54
1025	167
1025	376
1025	482
1025	524
1025	572
1025	798
1025	830
1025	929
1025	2062
1025	2410
1025	2552
1025	2912
1026	57
1026	133
1026	164
1026	192
1026	420
1026	512
1026	516
1026	793
1026	868
1026	896
1026	1076
1026	2217
1026	2303
1026	3616
1027	276
1027	368
1027	768
1027	2576
1027	3880
1028	32
1028	45
1028	64
1028	88
1028	97
1028	168
1028	184
1028	264
1028	347
1028	360
1028	568
1028	592
1028	627
1028	2139
1028	2585
1028	2913
1028	3184
1029	265
1029	386
1029	744
1029	1664
1029	2088
1029	2184
1029	2720
1030	200
1030	261
1030	388
1030	456
1030	930
1031	512
1031	1880
1031	2620
1032	7
1032	16
1032	33
1032	113
1032	145
1032	370
1032	401
1032	453
1032	586
1032	602
1032	676
1032	708
1032	800
1032	1132
1032	1413
1032	2322
1032	2624
1032	2724
1032	2915
1032	3411
1033	98
1033	240
1033	260
1033	336
1033	353
1033	514
1033	1793
1033	2068
1033	2096
1033	2916
1034	132
1034	512
1034	1792
1034	2124
1034	2192
1034	2304
1034	2760
1035	77
1035	528
1035	608
1035	2689
1036	40
1036	112
1036	290
1036	417
1036	977
1036	2274
1036	3266
1036	3306
1037	690
1037	2304
1038	592
1038	660
1038	2146
1040	60
1040	132
1040	448
1040	525
1040	706
1040	824
1040	2182
1040	2240
1040	2826
1041	80
1041	1134
1041	2179
1041	2467
1041	2752
1042	140
1042	514
1043	12
1043	2858
1044	0
1044	808
1044	832
1044	2056
1044	2496
1044	2626
1045	2
1045	18
1045	129
1045	736
1045	2568
1046	160
1048	71
1048	516
1048	2305
1048	2560
1048	2564
1048	2608
1048	2690
1048	3074
1048	3075
1049	2052
1049	2371
1049	2786
1050	2080
1050	2208
1051	2048
1051	2562
1052	268
1052	290
1052	2320
1054	161
1054	573
1056	7
1056	17
1056	78
1056	85
1056	138
1056	142
1056	259
1056	308
1056	404
1056	1556
1056	2114
1056	2123
1056	2210
1056	2278
1056	3074
1057	0
1057	196
1057	346
1057	584
1057	592
1057	2050
1057	2308
1057	2584
1058	6
1058	68
1058	149
1058	224
1058	324
1058	416
1058	2048
1058	2060
1058	4032
1059	842
1060	0
1060	154
1060	806
1060	1451
1060	2200
1061	6
1061	512
1061	3096
1062	64
1062	840
1062	2313
1064	274
1064	516
1064	640
1064	2126
1064	2321
1064	2419
1064	2433
1065	112
1065	2406
1066	385
1066	1132
1066	1664
1066	2335
1066	2945
1068	0
1068	2050
1068	2451
1069	8
1070	3089
1072	268
1072	517
1072	524
1072	769
1072	968
1073	202
1073	1178
1073	1288
1073	2266
1074	269
1074	325
1076	384
1076	2176
1076	2179
1080	256
1080	2082
1081	40
1081	178
1082	320
1082	2369
1088	8
1088	34
1088	65
1088	281
1088	292
1088	930
1088	1033
1088	1282
1088	2180
1088	2304
1088	2317
1088	2368
1088	2704
1088	3099
1089	18
1089	65
1089	108
1089	186
1089	544
1089	948
1089	1284
1089	2068
1089	2564
1089	2990
1089	3402
1090	9
1090	56
1090	264
1090	368
1090	393
1090	512
1090	517
1090	2084
1090	2209
1090	2305
1090	2600
1090	2928
1091	16
1091	136
1091	512
1092	35
1092	130
1092	256
1092	656
1092	922
1092	3074
1093	385
1093	722
1093	2184
1093	2592
1094	190
1094	674
1094	912
1094	3586
1096	589
1096	1026
1096	1684
1096	1922
1096	2067
1096	3377
1097	289
1098	3
1098	256
1098	432
1098	512
1098	805
1098	1032
1099	256
1099	2096
1099	2708
1100	1026
1101	2850
1104	555
1104	2344
1104	2562
1104	3106
1104	3584
1105	1549
1105	2080
1105	2200
1105	2854
1106	13
1106	288
1106	684
1106	2376
1106	2692
1107	1292
1107	2829
1108	384
1108	930
1108	2561
1108	2699
1108	2713
1109	1922
1110	5
1110	2568
1112	2
1112	144
1113	142
1113	2048
1114	2514
1120	0
1120	267
1120	389
1120	798
1120	1164
1120	1793
1120	2582
1121	28
1121	656
1121	657
1121	1054
1122	4
1122	192
1122	384
1122	2561
1124	2432
1125	10
1125	224
1125	1800
1126	2181
1128	21
1128	145
1128	150
1128	2054
1128	2818
1131	2243
1136	128
1136	649
1136	900
1137	1
1137	4
1137	2054
1138	128
1140	513
1140	642
1140	2570
1152	4
1152	8
1152	18
1152	34
1152	51
1152	64
1152	111
1152	117
1152	336
1152	341
1152	365
1152	512
1152	530
1152	771
1152	820
1152	1042
1152	2564
1153	2
1153	96
1153	256
1153	300
1153	516
1153	2088
1153	2336
1153	2352
1154	8
1154	12
1154	264
1154	560
1154	580
1154	2232
1154	2534
1155	112
1155	344
1156	410
1156	529
1156	2648
1156	3416
1157	0
1157	288
1157	352
1157	524
1158	92
1158	1553
1160	16
1160	18
1160	134
1160	264
1160	352
1160	388
1160	771
1160	1554
1160	2118
1161	1440
1161	2368
1162	113
1162	1026
1162	2065
1163	258
1165	9
1165	2802
1167	2352
1167	2560
1168	294
1168	358
1168	364
1168	783
1169	4
1169	320
1169	352
1169	706
1170	64
1170	68
1170	104
1170	2052
1172	33
1172	96
1172	1536
1173	128
1174	801
1176	2406
1177	98
1178	36
1178	2089
1180	1104
1182	0
1184	0
1184	50
1184	128
1184	325
1184	659
1184	788
1184	1099
1184	2177
1184	2327
1185	1566
1185	2060
1185	2208
1185	2576
1185	2640
1185	2828
1186	585
1186	2169
1188	552
1191	88
1191	1548
1192	17
1192	597
1192	834
1193	2076
1193	2816
1194	532
1194	1905
1196	260
1196	386
1196	1045
1197	650
1200	582
1200	1101
1200	1604
1200	2320
1201	2326
1203	340
1205	2
1206	2817
1208	322
1209	784
1209	2304
1210	1601
1216	1076
1216	1794
1216	2112
1216	2223
1216	2928
1217	10
1219	1024
1220	1312
1220	2051
1221	512
1223	257
1223	2560
1224	321
1224	531
1224	788
1224	3344
1225	788
1226	3217
1230	261
1232	36
1232	1036
1234	2080
1234	2400
1234	2432
1236	2306
1237	2080
1237	2818
1240	2720
1241	0
1242	69
1246	2442
1248	384
1248	512
1248	2560
1249	2976
1250	256
1252	2
1252	2580
1258	2112
1260	2049
1260	3096
1266	713
1268	0
1269	1808
1273	2050
1275	3072
1280	3
1280	6
1280	21
1280	37
1280	38
1280	72
1280	128
1280	257
1280	519
1280	552
1280	719
1280	2056
1280	2451
1280	2561
1280	2625
1280	2700
1280	2765
1281	524
1281	656
1281	750
1281	2504
1282	294
1282	396
1282	1045
1282	1485
1282	2660
1283	1570
1283	2056
1283	2288
1284	16
1284	88
1284	576
1284	706
1284	2656
1285	634
1285	2633
1286	145
1287	2536
1288	5
1288	99
1288	242
1288	757
1288	2080
1288	3200
1289	80
1289	516
1289	1056
1289	1844
1289	2996
1290	615
1290	736
1290	928
1290	1092
1291	160
1291	1568
1292	2064
1292	2880
1294	2
1294	33
1296	0
1296	1706
1296	2186
1296	2265
1296	2712
1296	2722
1298	512
1298	672
1298	1901
1298	2069
1300	4
1300	64
1300	2336
1302	224
1304	656
1305	2178
1312	136
1312	635
1312	1287
1312	2112
1312	2117
1312	2192
1312	2651
1313	514
1313	788
1313	3122
1314	8
1314	2965
1314	3600
1315	604
1316	520
1316	578
1316	1617
1317	712
1318	656
1320	169
1320	1169
1320	2579
1322	688
1322	2176
1324	2707
1328	12
1328	450
1328	513
1329	2048
1333	426
1344	135
1344	184
1344	2050
1344	3457
1345	144
1345	672
1346	177
1346	217
1346	644
1346	2048
1346	2073
1346	2700
1347	56
1348	2080
1348	2096
1349	2
1352	1572
1352	2564
1353	546
1356	292
1357	528
1360	2688
1360	2760
1361	640
1361	2076
1362	5
1362	2689
1365	2176
1367	2688
1368	130
1368	901
1368	1441
1374	44
1374	658
1374	673
1376	2718
1376	3651
1377	18
1377	518
1378	2306
1380	2561
1384	196
1384	256
1384	2049
1384	2066
1384	2448
1385	2560
1388	912
1392	0
1393	2064
1394	2694
1400	32
1408	0
1408	31
1408	33
1408	52
1408	104
1408	565
1408	2419
1408	3235
1409	122
1410	512
1410	1177
1411	68
1411	548
1411	590
1411	2117
1412	162
1413	97
1414	40
1414	2048
1414	2112
1415	2568
1415	2848
1416	35
1416	1065
1417	1285
1420	0
1421	2160
1422	616
1424	2
1424	99
1425	2088
1425	2332
1425	2948
1426	740
1426	2188
1432	736
1436	578
1440	1106
1440	2048
1440	2124
1440	2569
1441	517
1442	67
1442	513
1442	2162
1443	3602
1444	2776
1448	2065
1450	2115
1453	16
1456	3076
1460	2250
1460	3095
1464	513
1472	1122
1472	2576
1473	40
1473	2348
1474	518
1474	1032
1474	2597
1477	3
1480	3634
1484	16
1486	2336
1489	2060
1496	2594
1504	529
1506	776
1508	16
1510	5
1522	17
1524	2626
1525	16
1526	680
1529	2112
1536	3
1536	5
1536	52
1536	58
1536	68
1536	98
1536	241
1536	336
1536	435
1536	1201
1536	1620
1536	1804
1536	1993
1536	2072
1536	2180
1536	2313
1536	2694
1536	2852
1536	3088
1536	3265
1536	3907
1537	16
1537	274
1537	304
1537	500
1537	662
1537	1406
1537	2112
1538	128
1538	256
1538	277
1538	2124
1538	2213
1538	2328
1538	2505
1538	2904
1539	136
1539	176
1539	208
1539	352
1539	576
1540	33
1540	48
1540	263
1540	357
1540	450
1540	784
1540	1361
1540	2082
1541	146
1541	3562
1542	736
1542	865
1542	2048
1543	48
1544	273
1544	327
1544	1056
1544	1366
1544	1414
1544	2592
1545	38
1545	362
1547	2188
1547	2324
1549	2658
1552	293
1552	2088
1553	0
1553	2072
1553	2304
1554	73
1554	416
1554	2436
1556	136
1556	2122
1556	2304
1557	33
1558	64
1558	131
1559	2400
1560	2117
1560	2448
1560	2944
1561	808
1561	2180
1563	10
1564	6
1565	2163
1568	285
1568	463
1568	2114
1568	2379
1569	388
1569	1152
1570	456
1570	2497
1572	2048
1573	18
1575	1832
1576	272
1576	2450
1576	2497
1576	2560
1578	200
1578	512
1580	2176
1580	2179
1581	288
1581	1032
1584	704
1584	2373
1584	2564
1585	10
1585	2048
1586	196
1586	358
1587	3272
1587	3432
1592	2113
1594	386
1596	65
1600	3
1600	8
1600	404
1600	2084
1600	2200
1600	3465
1601	2180
1601	3727
1602	25
1602	33
1602	160
1602	928
1603	288
1603	424
1604	170
1604	304
1604	404
1604	553
1604	2322
1605	2048
1605	2098
1606	33
1608	467
1608	1066
1608	2240
1612	48
1616	264
1617	140
1617	3208
1618	34
1618	161
1618	256
1618	544
1618	1164
1620	273
1620	401
1623	2
1624	161
1624	1312
1624	3080
1626	388
1626	1282
1626	1316
1627	2048
1632	1
1632	272
1633	24
1633	2448
1634	1
1635	2376
1636	137
1637	128
1639	32
1641	130
1642	3
1642	4
1644	128
1644	2186
1648	1
1652	0
1652	2
1664	6
1664	384
1664	2049
1664	2064
1664	2114
1664	2429
1664	3380
1666	80
1666	88
1666	2317
1667	1536
1667	2064
1667	2342
1668	72
1668	274
1668	922
1668	2240
1669	8
1671	288
1672	2575
1673	2305
1677	258
1678	0
1679	3109
1680	36
1680	2052
1680	2414
1681	14
1681	3392
1682	0
1682	2051
1683	2244
1684	7
1684	322
1686	2336
1688	64
1696	529
1697	2840
1699	27
1703	2312
1704	0
1705	86
1708	112
1712	3652
1713	2112
1714	288
1717	832
1719	264
1720	69
1720	2056
1728	308
1729	112
1729	2060
1730	276
1730	328
1731	520
1732	2
1735	68
1736	8
1736	290
1745	258
1745	2116
1748	8
1755	2048
1757	3619
1774	272
1784	2316
1792	57
1792	1099
1792	1321
1793	2
1793	20
1793	30
1793	52
1793	100
1793	2063
1793	2106
1793	2189
1793	2549
1793	3200
1794	32
1794	129
1794	2176
1794	2308
1795	2
1796	49
1796	64
1797	130
1798	128
1804	92
1804	547
1805	2560
1806	2049
1807	0
1808	20
1808	454
1808	1215
1808	2261
1810	1216
1810	2592
1813	2186
1818	130
1824	16
1824	2570
1826	1104
1826	2049
1827	144
1837	23
1840	94
1843	76
1847	40
1856	26
1856	54
1856	168
1856	1314
1860	1
1860	3073
1861	160
1864	2052
1865	144
1868	16
1872	32
1880	2182
1892	2
1896	20
1904	140
1904	2900
1906	2053
1914	128
1920	75
1921	2128
1922	84
1925	84
1925	1352
1925	2050
1928	49
1928	2352
1931	324
1934	8
1941	76
1941	2304
1952	101
1964	68
1972	9
1972	67
1974	64
1976	2048
1985	68
1985	82
1986	33
2002	289
2005	42
2008	514
2008	586
2009	0
2020	1025
2032	4
2041	3074
2048	2
2048	20
2048	80
2048	151
2048	388
2048	451
2048	512
2048	513
2048	628
2048	660
2048	661
2048	707
2048	790
2048	865
2048	917
2048	1038
2048	1042
2048	1117
2048	1308
2048	1340
2048	1572
2048	1868
2048	2049
2048	2115
2048	3444
2049	40
2049	160
2049	256
2049	592
2049	676
2049	678
2049	1092
2049	1130
2049	1172
2049	1538
2049	1984
2049	2055
2049	3260
2050	21
2050	160
2050	232
2050	248
2050	280
2050	389
2050	681
2050	1104
2050	1217
2050	1544
2050	1739
2050	2048
2050	2193
2050	2400
2050	2576
2050	2772
2050	2880
2051	261
2051	385
2051	572
2051	805
2051	1084
2051	1204
2051	1928
2051	3248
2052	26
2052	38
2052	56
2052	98
2052	272
2052	601
2052	659
2052	952
2052	1322
2052	1416
2052	1730
2052	1824
2052	2074
2052	2120
2053	26
2053	720
2053	936
2053	1026
2053	1088
2053	1090
2053	2689
2054	17
2054	128
2054	329
2054	548
2054	624
2054	1056
2055	148
2055	168
2055	1024
2055	1216
2056	1
2056	8
2056	64
2056	198
2056	516
2056	544
2056	852
2056	1027
2056	1350
2056	1554
2056	1844
2056	2053
2056	2145
2056	2946
2057	144
2057	384
2057	592
2057	1104
2057	1296
2058	64
2058	1201
2058	2020
2059	164
2059	640
2059	2052
2059	2088
2060	1136
2060	1376
2060	1665
2060	2388
2061	642
2061	1152
2062	36
2062	564
2063	288
2063	432
2064	4
2064	18
2064	27
2064	40
2064	71
2064	72
2064	134
2064	164
2064	232
2064	245
2064	460
2064	526
2064	775
2064	977
2064	1097
2064	1122
2064	1163
2064	3043
2065	0
2065	84
2065	130
2065	256
2065	512
2065	1034
2065	1248
2065	2248
2066	168
2066	260
2066	777
2066	902
2066	1160
2066	3844
2067	260
2067	608
2067	617
2067	3168
2068	138
2068	264
2068	1545
2068	2085
2069	684
2072	64
2072	96
2072	272
2072	1536
2072	1792
2072	2049
2072	3296
2073	208
2073	384
2073	1024
2073	1857
2074	1121
2075	656
2075	1008
2076	3459
2078	512
2078	1616
2080	2
2080	24
2080	64
2080	193
2080	321
2080	527
2080	896
2080	968
2080	1154
2080	1560
2080	1730
2080	2276
2080	2386
2080	2700
2081	25
2081	396
2081	520
2081	789
2081	850
2081	904
2081	1630
2081	2242
2081	2578
2082	8
2082	134
2082	193
2082	384
2082	468
2082	537
2082	784
2082	1732
2082	2116
2082	2199
2083	2129
2084	19
2084	82
2084	83
2084	177
2084	577
2084	729
2085	281
2086	17
2086	384
2087	284
2088	146
2088	213
2088	642
2088	1344
2088	1715
2088	2048
2088	2273
2089	834
2089	1682
2089	2006
2090	384
2090	1552
2091	3609
2092	770
2092	3970
2093	128
2094	259
2094	1729
2095	512
2096	0
2096	384
2096	452
2096	642
2097	0
2097	523
2098	605
2098	1155
2099	0
2100	13
2100	146
2100	585
2100	802
2100	1603
2100	1667
2102	512
2104	199
2104	258
2104	388
2104	845
2105	1040
2106	41
2108	78
2109	896
2112	0
2112	1
2112	16
2112	97
2112	279
2112	512
2112	650
2112	784
2112	910
2112	1026
2112	1033
2112	1048
2112	1280
2112	1286
2112	1336
2112	1553
2112	2437
2112	2848
2113	436
2113	784
2113	1320
2113	2204
2113	2340
2113	2464
2114	147
2114	642
2114	1316
2114	1409
2114	1536
2114	2049
2115	1308
2115	1428
2115	1672
2116	352
2116	394
2116	448
2116	841
2116	897
2116	1179
2116	1673
2116	2193
2117	2562
2118	1
2118	16
2118	1448
2119	48
2119	136
2120	161
2120	432
2120	570
2120	2816
2120	3345
2120	3637
2121	550
2121	1850
2121	3106
2122	48
2122	272
2124	33
2125	1030
2126	1808
2126	4000
2128	1
2128	149
2128	298
2128	928
2128	1025
2128	1039
2128	1189
2129	12
2129	1601
2130	1
2131	1280
2132	808
2132	2114
2133	1792
2133	2432
2136	0
2136	32
2136	418
2139	677
2140	1089
2141	594
2142	1025
2143	160
2144	660
2144	1068
2144	3131
2145	128
2145	267
2145	282
2145	2330
2146	1051
2146	2700
2147	1552
2152	2
2152	22
2152	34
2152	527
2152	1174
2152	1698
2153	1092
2155	3600
2156	2565
2157	67
2157	147
2159	896
2159	1024
2160	11
2160	1024
2160	1611
2163	260
2164	1572
2169	6
2169	1174
2169	2049
2171	4
2172	256
2176	0
2176	6
2176	14
2176	20
2176	22
2176	130
2176	205
2176	272
2176	357
2176	368
2176	549
2176	627
2176	784
2176	1037
2176	1126
2176	1155
2176	1217
2176	1609
2176	2320
2176	3072
2177	32
2177	66
2177	164
2177	256
2177	530
2177	1095
2177	1100
2177	1294
2177	1312
2177	1536
2178	9
2178	272
2178	344
2178	521
2178	849
2178	2314
2178	3369
2179	320
2179	593
2179	1100
2179	1548
2180	74
2180	82
2180	521
2180	1031
2180	2872
2181	262
2181	1048
2181	1058
2182	64
2182	800
2183	104
2184	34
2184	53
2184	481
2184	580
2184	1024
2184	2066
2184	2576
2185	800
2185	3286
2186	5
2186	17
2186	320
2186	512
2186	516
2186	1033
2188	562
2188	713
2189	1057
2190	1057
2190	1568
2191	65
2192	805
2192	1298
2192	1364
2193	1290
2194	21
2194	264
2195	60
2196	41
2196	360
2196	1386
2197	1024
2198	163
2198	192
2200	6
2200	256
2200	1056
2201	1860
2202	3844
2204	1537
2208	1536
2208	1545
2209	8
2209	69
2209	264
2210	0
2210	16
2210	513
2210	536
2211	56
2211	82
2212	1856
2213	536
2213	1744
2215	288
2216	1606
2217	596
2219	20
2219	148
2224	1029
2224	1292
2224	2635
2228	2050
2230	64
2232	3170
2240	145
2240	800
2240	1048
2240	1312
2241	1220
2241	1328
2242	0
2242	56
2242	512
2244	60
2244	1330
2244	2306
2244	2363
2245	1280
2248	28
2248	1589
2248	1792
2248	2063
2248	3719
2249	258
2249	290
2249	770
2250	1300
2253	2328
2255	2048
2256	38
2256	552
2256	566
2256	1123
2256	1553
2257	38
2257	1038
2260	24
2262	1408
2264	657
2266	770
2272	525
2272	2636
2272	3352
2273	1036
2278	1176
2278	1602
2280	1142
2288	68
2288	520
2297	0
2298	6
2304	16
2304	32
2304	84
2304	107
2304	577
2304	613
2304	1024
2304	1090
2304	1128
2304	1146
2304	1186
2304	1581
2304	1880
2304	2242
2304	3076
2305	8
2305	130
2305	544
2305	598
2305	2192
2305	3232
2306	25
2306	60
2306	73
2306	289
2306	546
2306	683
2306	704
2306	1137
2306	1330
2306	2378
2306	2628
2306	3630
2307	2002
2308	0
2308	145
2308	171
2308	256
2308	288
2308	1097
2308	1736
2308	2368
2308	3114
2308	3173
2309	1088
2309	1228
2310	517
2312	27
2312	84
2312	306
2312	1024
2312	1091
2312	1094
2312	1137
2312	1541
2312	1601
2312	2049
2314	176
2314	1088
2314	1284
2315	357
2316	64
2316	998
2318	68
2318	192
2318	713
2320	32
2320	192
2320	220
2320	513
2320	542
2320	707
2320	1084
2320	1668
2321	0
2321	56
2321	485
2321	513
2321	1225
2322	349
2322	640
2322	645
2322	1873
2323	1
2323	1192
2323	1736
2324	546
2324	2094
2326	769
2328	171
2328	675
2329	195
2330	1793
2333	1696
2334	522
2336	160
2336	228
2336	1160
2337	4
2337	26
2337	74
2337	148
2337	582
2337	1234
2338	1040
2339	596
2340	520
2340	2192
2341	120
2341	1176
2342	1033
2344	577
2344	1552
2345	76
2346	76
2348	640
2348	2082
2351	9
2352	68
2352	99
2353	4
2355	2056
2356	577
2357	142
2357	602
2360	2705
2363	1152
2363	3361
2366	1025
2368	10
2368	1353
2368	1568
2369	36
2370	1024
2371	1700
2372	1553
2373	2698
2374	0
2375	645
2376	533
2376	775
2376	1116
2377	152
2378	17
2379	512
2380	615
2381	97
2384	0
2384	682
2384	738
2384	1060
2384	3623
2385	512
2386	12
2386	100
2386	288
2388	19
2392	115
2393	580
2400	0
2401	144
2401	904
2404	544
2404	2835
2407	128
2408	1570
2410	385
2410	512
2416	256
2417	128
2420	1195
2425	1668
2432	39
2432	74
2432	512
2432	530
2432	1027
2432	1536
2432	1904
2432	2065
2432	2093
2432	2113
2433	24
2434	1088
2434	1312
2436	0
2436	12
2437	3624
2438	48
2438	138
2438	256
2440	582
2440	1122
2440	1538
2441	556
2443	68
2444	1089
2445	0
2448	35
2448	281
2448	910
2448	1611
2448	3073
2449	138
2452	546
2453	843
2454	2081
2464	280
2464	1615
2465	1025
2465	1048
2466	334
2466	1220
2469	520
2470	16
2473	274
2476	64
2476	1872
2478	516
2478	3601
2480	512
2489	8
2496	273
2496	304
2496	576
2497	320
2501	3202
2504	5
2504	561
2505	546
2508	130
2528	9
2532	538
2532	1034
2537	517
2537	1088
2538	2180
2540	513
2552	769
2560	6
2560	18
2560	162
2560	256
2560	359
2560	422
2560	484
2560	712
2560	1095
2560	1288
2560	1321
2560	1334
2560	1344
2560	1380
2560	1403
2560	1488
2560	1565
2560	2243
2560	3684
2561	64
2561	196
2561	220
2561	267
2561	272
2561	338
2561	458
2561	1153
2561	1324
2561	1330
2561	2394
2562	64
2562	268
2562	1233
2562	1494
2562	2050
2562	2265
2562	3023
2563	44
2563	388
2563	512
2563	1312
2563	3156
2564	21
2564	50
2564	51
2564	194
2564	325
2564	345
2564	385
2564	560
2564	1282
2564	1322
2564	1473
2564	1665
2564	3496
2565	11
2565	50
2566	98
2566	418
2567	3417
2568	261
2568	683
2568	1044
2568	1083
2568	1109
2568	1330
2568	1461
2568	1579
2568	2993
2569	324
2569	2308
2569	3412
2570	21
2570	1312
2571	1233
2572	1115
2572	1188
2572	1346
2574	131
2575	1160
2575	1472
2576	68
2576	98
2576	202
2576	388
2576	768
2576	1096
2576	1163
2576	1185
2576	1308
2576	3409
2577	33
2577	424
2577	1440
2578	1
2578	420
2578	1640
2581	1376
2582	1097
2584	256
2585	232
2585	1028
2586	68
2586	168
2586	1288
2588	2
2588	129
2592	160
2592	288
2592	292
2592	3472
2594	82
2594	400
2594	505
2594	1217
2594	2377
2596	12
2598	1041
2600	240
2601	370
2606	482
2607	25
2608	74
2608	128
2608	140
2608	719
2608	896
2608	2049
2609	453
2610	1344
2612	160
2612	451
2614	0
2616	1683
2624	7
2624	280
2624	448
2624	1161
2624	1457
2624	3588
2625	2
2625	49
2625	416
2625	1056
2625	1098
2625	1476
2627	0
2627	1024
2627	1792
2627	1828
2628	136
2628	272
2628	1152
2628	2117
2629	8
2630	393
2632	9
2632	34
2634	148
2634	164
2634	293
2634	2356
2636	272
2637	176
2638	0
2638	545
2641	102
2643	1458
2644	0
2645	128
2645	1312
2646	131
2649	258
2650	384
2656	1537
2656	3206
2657	472
2658	320
2660	305
2661	2690
2663	392
2664	2067
2668	260
2668	386
2670	272
2670	1024
2672	261
2674	1152
2674	1792
2688	12
2688	40
2688	160
2688	315
2688	364
2688	1057
2688	1351
2688	1356
2688	2073
2689	1042
2689	3096
2690	320
2690	424
2690	436
2692	80
2692	546
2692	1035
2692	2066
2693	40
2696	256
2696	608
2696	898
2696	1084
2696	3089
2697	1030
2699	292
2701	256
2704	68
2704	328
2705	705
2706	64
2706	1097
2706	3120
2707	4
2710	2051
2712	530
2714	1
2720	88
2720	1288
2720	1569
2720	3874
2724	275
2724	1032
2726	80
2742	0
2744	392
2745	1288
2752	52
2752	1171
2752	1338
2753	1302
2754	37
2755	36
2756	34
2756	178
2756	3075
2760	308
2764	2050
2765	1377
2765	3122
2769	20
2773	1066
2774	673
2779	1184
2784	266
2785	16
2792	66
2798	2076
2803	1292
2804	3
2804	1028
2808	5
2808	512
2812	256
2816	68
2816	354
2816	669
2816	710
2816	1172
2816	2121
2816	3238
2817	160
2817	240
2817	1037
2818	161
2818	3100
2819	128
2819	1032
2819	1664
2820	248
2820	1025
2821	1026
2823	162
2824	4
2824	12
2825	692
2826	1282
2827	66
2827	1380
2828	546
2832	13
2832	1102
2833	1164
2835	1080
2837	1034
2837	1229
2838	3205
2840	38
2844	65
2848	9
2848	283
2848	1176
2849	1114
2852	10
2852	336
2856	1570
2856	2563
2857	2
2858	1088
2859	1244
2861	144
2862	178
2864	192
2865	3234
2866	320
2868	67
2876	2051
2880	2
2880	136
2880	145
2880	515
2880	1108
2882	141
2883	168
2892	522
2896	131
2896	258
2904	64
2908	0
2912	70
2916	21
2929	2
2944	17
2944	1141
2946	1027
2946	1042
2946	1056
2946	2076
2947	1045
2947	1056
2947	1406
2950	24
2952	561
2952	2190
2954	352
2954	3232
2956	1110
2964	161
2965	2050
2968	1024
2969	0
2974	1280
2976	1284
2979	28
2981	16
2992	74
3009	1024
3010	132
3011	16
3012	40
3012	1032
3016	4
3026	133
3060	1539
3072	44
3072	58
3072	104
3072	285
3072	310
3072	329
3072	453
3072	526
3072	540
3072	626
3072	661
3072	852
3072	1402
3072	1528
3072	2053
3073	52
3073	373
3073	2393
3074	1
3074	436
3074	848
3075	281
3075	440
3075	1312
3076	20
3076	88
3076	147
3076	648
3076	693
3076	1817
3077	6
3077	8
3077	97
3077	165
3078	704
3078	1809
3078	2084
3078	2657
3079	2232
3080	6
3080	208
3080	373
3080	2361
3080	3650
3082	4
3082	2084
3083	1568
3084	1
3084	21
3084	39
3084	560
3088	10
3088	35
3088	195
3088	518
3088	1891
3089	135
3089	578
3089	2948
3090	465
3090	549
3090	764
3091	196
3092	803
3093	256
3093	656
3093	804
3094	592
3094	3658
3096	262
3098	228
3100	35
3104	34
3104	198
3104	216
3104	520
3104	524
3104	529
3104	2186
3104	2432
3105	720
3105	771
3105	2563
3107	353
3107	1672
3107	2056
3108	278
3108	514
3108	641
3109	0
3109	401
3109	524
3109	1552
3110	128
3111	1064
3111	1928
3112	131
3112	451
3112	1088
3113	788
3114	4
3114	453
3116	1059
3117	0
3118	1360
3120	321
3120	1224
3122	257
3123	3624
3124	32
3124	388
3124	1536
3125	448
3136	8
3136	28
3136	46
3136	288
3136	384
3136	673
3136	844
3136	1032
3137	386
3137	544
3137	914
3138	589
3138	1032
3139	1048
3139	1064
3140	72
3140	297
3141	2608
3142	8
3142	264
3142	2337
3143	2080
3144	419
3144	896
3146	16
3148	2
3148	2048
3149	160
3149	275
3152	202
3153	2056
3157	528
3157	680
3160	420
3160	1556
3161	2
3168	329
3168	671
3168	1280
3169	282
3170	8
3170	266
3170	520
3170	2700
3172	130
3173	2070
3176	24
3177	256
3177	772
3184	136
3184	259
3185	136
3186	290
3188	529
3191	900
3192	1282
3200	106
3200	112
3200	138
3200	174
3200	576
3201	256
3201	514
3202	8
3202	257
3202	520
3202	2135
3203	68
3204	512
3204	544
3204	803
3204	1136
3204	1284
3204	1636
3205	8
3205	1144
3206	328
3208	49
3208	580
3212	578
3212	2584
3212	4034
3216	4
3216	14
3216	75
3216	257
3216	1545
3217	4
3217	260
3218	323
3224	388
3224	2406
3232	578
3232	1610
3233	8
3233	388
3234	329
3234	409
3236	107
3236	2944
3240	6
3245	384
3247	0
3249	328
3251	4
3251	8
3256	64
3257	2116
3260	2048
3261	768
3264	8
3264	136
3265	524
3266	316
3269	290
3272	776
3272	912
3272	1045
3273	528
3274	160
3274	2048
3276	1410
3280	6
3280	2215
3283	772
3288	1285
3296	5
3296	7
3296	2561
3301	1554
3304	68
3304	560
3308	784
3309	306
3326	257
3328	65
3328	73
3328	316
3328	577
3328	759
3328	1071
3328	1172
3328	2082
3329	668
3329	706
3329	1206
3331	389
3332	2
3332	611
3332	664
3333	82
3334	132
3336	0
3336	92
3336	2577
3337	2
3338	2164
3339	20
3341	434
3341	658
3344	78
3345	0
3345	640
3353	166
3358	577
3360	129
3361	69
3361	96
3361	138
3364	2187
3364	2774
3368	198
3368	518
3371	17
3371	548
3372	1681
3376	521
3377	197
3380	11
3381	10
3381	2016
3382	1024
3390	129
3392	49
3396	410
3400	0
3400	7
3400	33
3400	2049
3403	516
3404	1152
3405	690
3408	32
3408	555
3409	810
3416	0
3424	213
3424	526
3424	793
3428	188
3430	640
3432	512
3432	1024
3436	150
3456	6
3458	16
3458	97
3459	804
3461	50
3461	1602
3464	8
3479	64
3482	12
3488	663
3488	769
3489	8
3490	581
3490	3796
3492	113
3492	258
3493	132
3493	1026
3501	528
3504	591
3516	106
3528	820
3540	256
3543	17
3544	516
3552	20
3552	513
3553	44
3574	1032
3584	25
3584	52
3584	77
3584	364
3584	395
3585	636
3586	257
3586	321
3586	424
3587	3640
3588	492
3588	1288
3589	80
3590	48
3590	152
3590	353
3592	1280
3594	31
3594	1058
3594	3277
3600	0
3600	36
3600	256
3600	354
3601	163
3602	2183
3604	2179
3608	160
3608	296
3612	321
3613	2048
3616	24
3616	144
3616	321
3616	514
3618	16
3622	0
3624	216
3624	260
3624	3463
3625	128
3625	390
3646	2304
3648	417
3649	6
3651	218
3652	34
3653	312
3654	440
3659	166
3664	419
3672	1026
3676	19
3680	193
3680	784
3683	414
3684	2819
3686	1040
3690	1168
3692	16
3696	1814
3698	520
3704	257
3708	384
3712	3
3712	59
3712	194
3712	376
3712	2102
3713	74
3714	8
3714	769
3715	294
3718	184
3720	353
3720	2080
3721	3654
3731	88
3732	512
3736	385
3739	262
3740	263
3742	2116
3744	136
3751	1088
3760	282
3776	2091
3777	790
3780	4
3780	9
3784	369
3792	11
3792	136
3793	258
3798	33
3798	2048
3840	72
3844	29
3844	67
3858	321
3858	513
3858	1153
3864	67
3864	70
3865	162
3868	130
3874	81
3874	2052
3880	85
3884	0
3888	43
3889	658
3903	2
3904	2
3904	50
3906	2192
3909	16
3909	262
3909	387
3914	128
3928	2065
3932	2083
3933	418
3935	0
3936	2054
3937	0
3944	0
3953	134
3970	140
3985	4
4008	264
4012	321
4018	1024
4028	322
4032	3340
